0,0,0,0.866318,-2.87599
1,0,0,0.874059,-2.88037
2,0,0,0.882763,-2.8853
3,0,0,0.891468,-2.89022
4,0,0,0.900172,-2.89514
5,0,0,0.908877,-2.90006
6,0,0,0.917581,-2.90499
7,0,0,0.926285,-2.90991
8,0,0,0.93499,-2.91483
9,0,0,0.943694,-2.91975
10,0,0,0.952398,-2.92468
11,0,0,0.961103,-2.9296
12,0,0,0.969807,-2.93452
13,0,0,0.978511,-2.93945
14,0,0,0.987216,-2.94437
15,0,0,0.99592,-2.94929
16,0,0,1.00462,-2.95421
17,0,0,1.01333,-2.95914
18,0,0,1.02203,-2.96406
19,0,0,1.03074,-2.96898
20,0,0,1.03944,-2.97391
21,0,0,1.04815,-2.97883
22,0,0,1.05685,-2.98375
23,0,0,1.06556,-2.98867
24,0,0,1.07426,-2.9936
25,0,0,1.08296,-2.99852
26,0,0,1.09167,-3.00344
27,0,0,1.10037,-3.00837
28,0,0,1.10908,-3.01329
29,0,0,1.11778,-3.01821
30,0,0,1.12649,-3.02313
31,0,0,1.13519,-3.02806
32,0,0,1.14389,-3.03298
33,0,0,1.1526,-3.0379
34,0,0,1.1613,-3.04283
35,0,0,1.17001,-3.04775
36,0,0,1.17871,-3.05267
37,0,0,1.18742,-3.05759
38,0,0,1.19612,-3.06252
39,0,0,1.20482,-3.06744
40,0,0,1.21353,-3.07236
41,0,0,1.22223,-3.07728
42,0,0,1.23094,-3.08221
43,0,0,1.23964,-3.08713
44,0,0,1.24835,-3.09205
45,0,0,1.25705,-3.09698
46,0,0,1.26576,-3.1019
47,0,0,1.27446,-3.10682
48,0,0,1.28316,-3.11174
49,0,0,1.29187,-3.11667
50,0,0,1.30057,-3.12159
51,0,0,1.30928,-3.12651
52,0,0,1.31798,-3.13144
53,0,0,1.32669,-3.13636
54,0,0,1.33539,-3.14128
55,0,0,1.34409,-3.1462
56,0,0,1.3528,-3.15113
57,0,0,1.3615,-3.15605
58,0,0,1.37021,-3.16097
59,0,0,1.37891,-3.1659
60,0,0,1.38762,-3.17082
61,0,0,1.39632,-3.17574
62,0,0,1.40503,-3.18066
63,0,0,1.41373,-3.18559
64,0,0,1.42243,-3.19051
65,0,0,1.43114,-3.19543
66,0,0,1.43984,-3.20036
67,0,0,1.44855,-3.20528
68,0,0,1.45725,-3.2102
69,0,0,1.46596,-3.21512
70,0,0,1.47466,-3.22005
71,0,0,1.48336,-3.22497
72,0,0,1.49207,-3.22989
73,0,0,1.50077,-3.23481
74,0,0,1.50948,-3.23974
75,0,0,1.51818,-3.24466
76,0,0,1.52689,-3.24958
77,0,0,1.53559,-3.25451
78,0,0,1.5443,-3.25943
79,0,0,1.553,-3.26435
80,0,0,1.5617,-3.26927
81,0,0,1.57041,-3.2742
82,0,0,1.57911,-3.27912
83,0,0,1.58782,-3.28404
84,0,0,1.59652,-3.28897
85,0,0,1.60523,-3.29389
86,0,0,1.61393,-3.29881
87,0,0,1.62263,-3.30373
88,0,0,1.63134,-3.30866
89,0,0,1.64004,-3.31358
90,0,0,1.64875,-3.3185
91,0,0,1.65745,-3.32343
92,0,0,1.66616,-3.32835
93,0,0,1.67486,-3.33327
94,0,0,1.68356,-3.33819
95,0,0,1.69227,-3.34312
96,0,0,1.70097,-3.34804
97,0,0,1.70968,-3.35296
98,0,0,1.71838,-3.35789
99,0,0,1.72709,-3.36281
100,0,0,1.73579,-3.36773
101,0,0,1.7445,-3.37265
102,0,0,1.7532,-3.37758
103,0,0,1.7619,-3.3825
104,0,0,1.77061,-3.38742
105,0,0,1.77931,-3.39234
106,0,0,1.78802,-3.39727
107,0,0,1.79672,-3.40219
108,0,0,1.80543,-3.40711
109,0,0,1.81413,-3.41204
110,0,0,1.82283,-3.41696
111,0,0,1.83154,-3.42188
112,0,0,1.84024,-3.4268
113,0,0,1.84895,-3.43173
114,0,0,1.85765,-3.43665
115,0,0,1.86636,-3.44157
116,0,0,1.87506,-3.4465
117,0,0,1.88377,-3.45142
118,0,0,1.89247,-3.45634
119,0,0,1.90117,-3.46126
120,0,0,1.90988,-3.46619
121,0,0,1.91858,-3.47111
122,0,0,1.92729,-3.47603
123,0,0,1.93599,-3.48096
124,0,0,1.9447,-3.48588
125,0,0,1.9534,-3.4908
126,0,0,1.9621,-3.49572
127,0,0,1.97081,-3.50065
128,0,0,1.97951,-3.50557
129,0,0,1.98822,-3.51049
130,0,0,1.99692,-3.51542
131,0,0,2.00563,-3.52034
132,0,0,2.01433,-3.52526
133,0,0,2.02303,-3.53018
134,0,0,2.03174,-3.53511
135,0,0,2.04044,-3.54003
136,0,0,2.04915,-3.54495
137,0,0,2.05785,-3.54987
138,0,0,2.06656,-3.5548
139,0,0,2.07526,-3.55972
140,0,0,2.08397,-3.56464
141,0,0,2.09267,-3.56957
142,0,0,2.10137,-3.57449
143,0,0,2.11008,-3.57941
144,0,0,2.11878,-3.58433
145,0,0,2.12749,-3.58926
146,0,0,2.13619,-3.59418
147,0,0,2.1449,-3.5991
148,0,0,2.1536,-3.60403
149,0,0,2.1623,-3.60895
150,0,0,2.17101,-3.61387
151,0,0,2.17971,-3.61879
152,0,0,2.18842,-3.62372
153,0,0,2.19712,-3.62864
154,0,0,2.20583,-3.63356
155,0,0,2.21453,-3.63849
156,0,0,2.22324,-3.64341
157,0,0,2.23194,-3.64833
158,0,0,2.24064,-3.65325
159,0,0,2.24935,-3.65818
160,0,0,2.25805,-3.6631
161,0,0,2.26676,-3.66802
162,0,0,2.27546,-3.67295
163,0,0,2.28417,-3.67787
164,0,0,2.29287,-3.68279
165,0,0,2.30157,-3.68771
166,0,0,2.31028,-3.69264
167,0,0,2.31898,-3.69756
168,0,0,2.32769,-3.70248
169,0,0,2.33639,-3.7074
170,0,0,2.3451,-3.71233
171,0,0,2.3538,-3.71725
172,0,0,2.36251,-3.72217
173,0,0,2.37121,-3.7271
174,0,0,2.37991,-3.73202
175,0,0,2.38862,-3.73694
176,0,0,2.39732,-3.74186
177,0,0,2.40603,-3.74679
178,0,0,2.41473,-3.75171
179,0,0,2.42344,-3.75663
180,0,0,2.43214,-3.76156
181,0,0,2.44084,-3.76648
182,0,0,2.44955,-3.7714
183,0,0,2.45825,-3.77632
184,0,0,2.46696,-3.78125
185,0,0,2.47566,-3.78617
186,0,0,2.48437,-3.79109
187,0,0,2.49307,-3.79602
188,0,0,2.50177,-3.80094
189,0,0,2.51048,-3.80586
190,0,0,2.51918,-3.81078
191,0,0,2.52789,-3.81571
192,0,0,2.53659,-3.82063
193,0,0,2.5453,-3.82555
194,0,0,2.554,-3.83048
195,0,0,2.56271,-3.8354
196,0,0,2.57141,-3.84032
197,0,0,2.58011,-3.84524
198,0,0,2.58882,-3.85017
199,0,0,2.59752,-3.85509
200,0,0,2.60623,-3.86001
201,0,0,2.61493,-3.86493
202,0,0,2.62364,-3.86986
203,0,0,2.63234,-3.87478
204,0,0,2.64104,-3.8797
205,0,0,2.64975,-3.88463
206,0,0,2.65845,-3.88955
207,0,0,2.66716,-3.89447
208,0,0,2.67586,-3.89939
209,0,0,2.68457,-3.90432
210,0,0,2.69327,-3.90924
211,0,0,2.70198,-3.91416
212,0,0,2.71068,-3.91909
213,0,0,2.71938,-3.92401
214,0,0,2.72809,-3.92893
215,0,0,2.73679,-3.93385
216,0,0,2.7455,-3.93878
217,0,0,2.7542,-3.9437
218,0,0,2.76291,-3.94862
219,0,0,2.77161,-3.95355
220,0,0,2.78031,-3.95847
221,0,0,2.78902,-3.96339
222,0,0,2.79772,-3.96831
223,0,0,2.80643,-3.97324
224,0,0,2.80739,-3.97378
225,0,0,2.80739,-3.97378
226,0,0,2.80739,-3.97378
227,0,0,2.80739,-3.97378
228,0,0,2.80739,-3.97378
229,0,0,2.80739,-3.97378
230,0,0,2.81581,-3.97092
231,0,0,2.81686,-3.97056
232,0,0,2.81686,-3.97056
233,0,0,2.81686,-3.97056
234,0,0,2.81686,-3.97056
235,0,0,2.81686,-3.97056
236,0,0,2.81686,-3.97056
237,0,0,2.81686,-3.97056
238,0,0,2.81686,-3.97056
239,0,0,2.81686,-3.97056
240,0,0,2.81686,-3.97056
241,0,0,2.81686,-3.97056
242,0,0,2.81686,-3.97056
243,0,0,2.81686,-3.97056
244,0,0,2.81686,-3.97056
245,0,0,2.81686,-3.97056
246,0,0,2.81686,-3.97056
247,0,0,2.81686,-3.97056
248,0,0,2.81686,-3.97056
249,0,0,2.81686,-3.97056
250,0,0,2.81686,-3.97056
251,0,0,2.80797,-3.97095
252,0,0,2.79799,-3.97151
253,0,0,2.78801,-3.97209
254,0,0,2.77802,-3.97267
255,0,0,2.76804,-3.97325
256,0,0,2.75806,-3.97383
257,0,0,2.74807,-3.97441
258,0,0,2.73809,-3.97499
259,0,0,2.72811,-3.97557
260,0,0,2.71812,-3.97615
261,0,0,2.70814,-3.97673
262,0,0,2.69816,-3.97731
263,0,0,2.68817,-3.97789
264,0,0,2.67819,-3.97847
265,0,0,2.66821,-3.97905
266,0,0,2.65822,-3.97963
267,0,0,2.64824,-3.98021
268,0,0,2.63826,-3.98078
269,0,0,2.62828,-3.98136
270,0,0,2.61829,-3.98194
271,0,0,2.60831,-3.98252
272,0,0,2.59833,-3.9831
273,0,0,2.58834,-3.98368
274,0,0,2.57836,-3.98426
275,0,0,2.56838,-3.98484
276,0,0,2.55839,-3.98542
277,0,0,2.54841,-3.986
278,0,0,2.53843,-3.98658
279,0,0,2.52844,-3.98716
280,0,0,2.51846,-3.98774
281,0,0,2.50848,-3.98832
282,0,0,2.49849,-3.9889
283,0,0,2.48851,-3.98948
284,0,0,2.47853,-3.99006
285,0,0,2.46854,-3.99064
286,0,0,2.45856,-3.99122
287,0,0,2.44858,-3.9918
288,0,0,2.43859,-3.99238
289,0,0,2.42861,-3.99295
290,0,0,2.41863,-3.99353
291,0,0,2.40864,-3.99411
292,0,0,2.39866,-3.99469
293,0,0,2.38868,-3.99527
294,0,0,2.3787,-3.99585
295,0,0,2.36871,-3.99643
296,0,0,2.35873,-3.99701
297,0,0,2.34875,-3.99759
298,0,0,2.33876,-3.99817
299,0,0,2.32878,-3.99875
300,0,0,2.3188,-3.99933
301,0,0,2.30881,-3.99991
302,0,0,2.29883,-4.00049
303,0,0,2.28885,-4.00107
304,0,0,2.27886,-4.00165
305,0,0,2.26888,-4.00223
306,0,0,2.2589,-4.00281
307,0,0,2.24891,-4.00339
308,0,0,2.23893,-4.00397
309,0,0,2.22895,-4.00455
310,0,0,2.21896,-4.00512
311,0,0,2.20898,-4.0057
312,0,0,2.199,-4.00628
313,0,0,2.18901,-4.00686
314,0,0,2.17903,-4.00744
315,0,0,2.16905,-4.00802
316,0,0,2.15906,-4.0086
317,0,0,2.14908,-4.00918
318,0,0,2.1391,-4.00976
319,0,0,2.12912,-4.01034
320,0,0,2.11913,-4.01092
321,0,0,2.10915,-4.0115
322,0,0,2.09917,-4.01208
323,0,0,2.08918,-4.01266
324,0,0,2.0792,-4.01324
325,0,0,2.06922,-4.01382
326,0,0,2.05923,-4.0144
327,0,0,2.04925,-4.01498
328,0,0,2.03927,-4.01556
329,0,0,2.02928,-4.01614
330,0,0,2.0193,-4.01672
331,0,0,2.00932,-4.01729
332,0,0,1.99933,-4.01787
333,0,0,1.98935,-4.01845
334,0,0,1.97937,-4.01903
335,0,0,1.96938,-4.01961
336,0,0,1.9594,-4.02019
337,0,0,1.94942,-4.02077
338,0,0,1.93943,-4.02135
339,0,0,1.93833,-4.02142
340,0,0,1.93833,-4.02142
341,0,0,1.93833,-4.02142
342,0,0,1.93959,-4.02354
343,0,0,1.94194,-4.02725
344,0,0,1.94448,-4.03109
345,0,0,1.94722,-4.03503
346,0,0,1.95014,-4.03898
347,0,0,1.95323,-4.04289
348,0,0,1.95653,-4.04676
349,0,0,1.95968,-4.05016
350,0,0,1.96039,-4.05948
351,0,0,1.96096,-4.06947
352,0,0,1.96155,-4.07945
353,0,0,1.96214,-4.08943
354,0,0,1.96272,-4.09942
355,0,0,1.96331,-4.1094
356,0,0,1.96389,-4.11938
357,0,0,1.96448,-4.12936
358,0,0,1.96507,-4.13935
359,0,0,1.96565,-4.14933
360,0,0,1.96624,-4.15931
361,0,0,1.96682,-4.16929
362,0,0,1.96741,-4.17928
363,0,0,1.96799,-4.18926
364,0,0,1.96858,-4.19924
365,0,0,1.96917,-4.20923
366,0,0,1.96975,-4.21921
367,0,0,1.97034,-4.22919
368,0,0,1.97092,-4.23917
369,0,0,1.97151,-4.24916
370,0,0,1.9721,-4.25914
371,0,0,1.97268,-4.26912
372,0,0,1.97327,-4.27911
373,0,0,1.97385,-4.28909
374,0,0,1.97444,-4.29907
375,0,0,1.97502,-4.30905
376,0,0,1.97561,-4.31904
377,0,0,1.9762,-4.32902
378,0,0,1.97678,-4.339
379,0,0,1.97737,-4.34899
380,0,0,1.97795,-4.35897
381,0,0,1.97854,-4.36895
382,0,0,1.97913,-4.37893
383,0,0,1.97971,-4.38892
384,0,0,1.9803,-4.3989
385,0,0,1.98088,-4.40888
386,0,0,1.98147,-4.41887
387,0,0,1.98205,-4.42885
388,0,0,1.98264,-4.43883
389,0,0,1.98323,-4.44881
390,0,0,1.98329,-4.44992
391,0,0,1.98329,-4.44992
392,0,0,1.98403,-4.4514
393,0,0,1.98661,-4.4563
394,0,0,1.98937,-4.46115
395,0,0,1.99227,-4.46585
396,0,0,1.99524,-4.47038
397,0,0,1.99846,-4.47484
398,0,0,2.00185,-4.47912
399,0,0,2.00523,-4.48305
400,0,0,2.00871,-4.48676
401,0,0,2.00871,-4.48676
402,0,0,2.00871,-4.48676
403,0,0,2.00871,-4.48676
404,0,0,2.00871,-4.48676
405,0,0,2.00871,-4.48676
406,0,0,2.00871,-4.48676
407,0,0,2.00871,-4.48676
408,0,0,2.00871,-4.48676
409,0,0,2.00871,-4.48676
410,0,0,2.01211,-4.4848
411,0,0,2.01274,-4.48447
412,0,0,2.01274,-4.48447
413,0,0,2.01274,-4.48447
414,0,0,2.01274,-4.48447
415,0,0,2.01274,-4.48447
416,0,0,2.01274,-4.48447
417,0,0,2.01274,-4.48447
418,0,0,2.01274,-4.48447
419,0,0,2.01274,-4.48447
420,0,0,2.01274,-4.48447
421,0,0,2.01274,-4.48447
422,0,0,2.01274,-4.48447
423,0,0,2.01274,-4.48447
424,0,0,2.01274,-4.48447
425,0,0,2.01274,-4.48447
426,0,0,2.00775,-4.48735
427,0,0,2.0071,-4.48773
428,0,0,2.0071,-4.48773
429,0,0,2.00723,-4.48765
430,0,0,2.0074,-4.48756
431,0,0,2.0074,-4.48756
432,0,0,2.0074,-4.48756
433,0,0,2.0074,-4.48756
434,0,0,2.0074,-4.48756
435,0,0,2.0074,-4.48756
436,0,0,2.00748,-4.48751
437,0,0,2.00775,-4.48735
438,0,0,2.00814,-4.48712
439,0,0,2.00817,-4.4871
440,0,0,2.00817,-4.4871
441,0,0,2.0086,-4.48684
442,0,0,2.00909,-4.48655
443,0,0,2.00966,-4.4862
444,0,0,2.01637,-4.48232
445,0,0,2.02354,-4.47678
446,0,0,2.03012,-4.47055
447,0,0,2.03512,-4.46533
448,0,0,2.03512,-4.46533
449,0,0,2.03512,-4.46533
450,0,0,2.03512,-4.46533
451,0,0,2.03512,-4.46533
452,0,0,2.03512,-4.46533
453,0,0,2.03512,-4.46533
454,0,0,2.03512,-4.46533
455,0,0,2.03512,-4.46533
456,0,0,2.03512,-4.46533
457,0,0,2.03512,-4.46533
458,0,0,2.03512,-4.46533
459,0,0,2.03512,-4.46533
460,0,0,2.03512,-4.46533
461,0,0,2.03512,-4.46533
462,0,0,2.03512,-4.46533
463,0,0,2.03512,-4.46533
464,0,0,2.03512,-4.46533
465,0,0,2.03512,-4.46533
466,0,0,2.03512,-4.46533
467,0,0,2.03512,-4.46533
468,0,0,2.03512,-4.46533
469,0,0,2.03512,-4.46533
470,0,0,2.03512,-4.46533
471,0,0,2.03236,-4.46633
472,0,0,2.03184,-4.46647
473,0,0,2.03184,-4.46647
474,0,0,2.03184,-4.46647
475,0,0,2.03184,-4.46647
476,0,0,2.03184,-4.46647
477,0,0,2.03184,-4.46647
478,0,0,2.03184,-4.46647
479,0,0,2.03454,-4.47264
480,0,0,2.03454,-4.47264
481,0,0,2.03454,-4.47264
482,1,1,2.03454,-4.47264
483,1,2,2.03454,-4.47264
484,1,3,2.03454,-4.47264
485,1,4,2.03454,-4.47264
486,1,5,2.03454,-4.47264
487,1,6,2.03454,-4.47264
488,1,7,2.03454,-4.47264
489,1,8,2.03454,-4.47264
490,1,9,2.03454,-4.47264
491,1,10,2.03454,-4.47264
492,1,11,2.03454,-4.47264
493,1,12,2.03454,-4.47264
494,1,13,2.03454,-4.47264
495,1,14,2.03454,-4.47264
496,1,15,2.03454,-4.47264
497,1,16,2.03454,-4.47264
498,1,17,2.03454,-4.47264
499,1,18,2.03452,-4.47264
500,1,19,2.03449,-4.47265
501,1,20,2.03433,-4.47272
502,1,21,2.03431,-4.47273
503,1,22,2.03431,-4.47273
504,1,23,2.03431,-4.47273
505,1,24,2.03431,-4.47273
506,1,25,2.03431,-4.47273
507,1,26,2.03431,-4.47273
508,1,27,2.03037,-4.46496
509,1,28,2.02986,-4.4636
510,1,29,2.02986,-4.4636
511,1,30,2.02986,-4.4636
512,1,31,2.02986,-4.4636
513,1,32,2.02986,-4.4636
514,1,33,2.02986,-4.4636
515,1,34,2.02677,-4.4611
516,1,35,2.02632,-4.46074
517,1,36,2.0265,-4.46041
518,1,37,2.0265,-4.46041
519,1,38,2.0265,-4.46041
520,1,39,2.0265,-4.46041
521,1,40,2.0265,-4.46041
522,1,41,2.0265,-4.46041
523,1,42,2.026,-4.46512
524,1,43,2.02581,-4.46574
525,1,44,2.02581,-4.46574
526,1,45,2.02581,-4.46574
527,1,46,2.02581,-4.46574
528,1,47,2.02581,-4.46574
529,1,48,2.02581,-4.46574
530,1,49,2.02581,-4.46574
531,1,50,2.02581,-4.46574
532,1,51,2.02581,-4.46574
533,1,52,2.02581,-4.46574
534,1,53,2.02581,-4.46574
535,1,54,2.02581,-4.46574
536,1,55,2.02581,-4.46574
537,1,56,2.02581,-4.46574
538,1,57,2.02581,-4.46574
539,1,58,2.02581,-4.46574
540,1,59,2.02581,-4.46574
541,1,60,2.03413,-4.46575
542,1,61,2.03719,-4.4659
543,1,62,2.03719,-4.4659
544,1,63,2.03719,-4.4659
545,1,64,2.03719,-4.4659
546,1,65,2.03719,-4.4659
547,1,66,2.03719,-4.4659
548,1,67,2.03719,-4.4659
549,1,68,2.03719,-4.4659
550,1,69,2.03719,-4.4659
551,1,70,2.03719,-4.4659
552,1,71,2.03719,-4.4659
553,1,72,2.03719,-4.4659
554,1,73,2.03719,-4.4659
555,1,74,2.03719,-4.4659
556,1,75,2.03454,-4.45934
557,1,76,2.0348,-4.45915
558,1,77,2.0348,-4.45915
559,1,78,2.0384,-4.45858
560,1,79,2.04776,-4.45805
561,1,80,2.05694,-4.45739
562,1,81,2.06447,-4.4547
563,1,82,2.07066,-4.45111
564,1,83,2.07325,-4.44812
565,1,84,2.07443,-4.4468
566,1,85,2.07605,-4.44598
567,1,86,2.07728,-4.44566
568,1,87,2.08025,-4.44543
569,1,88,2.08213,-4.44435
570,1,89,2.08271,-4.44401
571,1,90,2.08271,-4.44401
572,1,91,2.08271,-4.44401
573,1,92,2.08271,-4.44401
574,1,93,2.08272,-4.44401
575,1,94,2.08313,-4.44375
576,1,95,2.08407,-4.44321
577,1,96,2.08542,-4.4423
578,1,97,2.08616,-4.44154
579,1,98,2.08625,-4.44145
580,1,99,2.08625,-4.44145
581,1,100,2.08625,-4.44145
582,1,101,2.08646,-4.44126
583,1,102,2.08696,-4.44071
584,1,103,2.08705,-4.44061
585,1,104,2.08905,-4.44025
586,1,105,2.08922,-4.44016
587,1,106,2.08922,-4.44016
588,1,107,2.08922,-4.44016
589,1,108,2.08922,-4.44016
590,1,109,2.08922,-4.44016
591,1,110,2.08922,-4.44016
592,1,111,2.08923,-4.44015
593,1,112,2.08923,-4.44015
594,1,113,2.08923,-4.44015
595,1,114,2.08923,-4.44015
596,1,115,2.08923,-4.44015
597,1,116,2.08923,-4.44015
598,1,117,2.08799,-4.43799
599,1,118,2.08779,-4.43764
600,1,119,2.08779,-4.43764
601,1,120,2.08779,-4.43764
602,1,121,2.08779,-4.43764
603,1,122,2.08779,-4.43764
604,1,123,2.08779,-4.43764
605,1,124,2.08779,-4.43764
606,1,125,2.08779,-4.43764
607,1,126,2.08779,-4.43764
608,1,127,2.08779,-4.43764
609,1,128,2.08779,-4.43764
610,1,129,2.08779,-4.43764
611,1,130,2.08779,-4.43764
612,1,131,2.08779,-4.43764
613,1,132,2.08779,-4.43764
614,1,133,2.08779,-4.43764
615,1,134,2.08746,-4.43781
616,1,135,2.08742,-4.43783
617,1,136,2.08742,-4.43783
618,1,137,2.08742,-4.43783
619,1,138,2.08742,-4.43783
620,1,139,2.08742,-4.43783
621,1,140,2.08742,-4.43783
622,1,141,2.08742,-4.43783
623,1,142,2.08742,-4.43783
624,1,143,2.08742,-4.43783
625,1,144,2.08742,-4.43783
626,1,145,2.08742,-4.43783
627,1,146,2.08742,-4.43783
628,1,147,2.08742,-4.43783
629,1,148,2.08742,-4.43783
630,1,149,2.08954,-4.44025
631,1,150,2.08954,-4.44025
632,1,151,2.08954,-4.44025
633,1,152,2.08954,-4.44025
634,1,153,2.08954,-4.44025
635,1,154,2.08954,-4.44025
636,1,155,2.08954,-4.44025
637,1,156,2.08954,-4.44025
638,1,157,2.08954,-4.44025
639,1,158,2.08954,-4.44025
640,1,159,2.08954,-4.44025
641,1,160,2.08949,-4.44017
642,1,161,2.08949,-4.44017
643,1,162,2.08949,-4.44017
644,1,163,2.08949,-4.44017
645,1,164,2.08949,-4.44017
646,1,165,2.08949,-4.44017
647,1,166,2.08949,-4.44017
648,1,167,2.08949,-4.44017
649,1,168,2.08949,-4.44017
650,1,169,2.08949,-4.44017
651,1,170,2.08949,-4.44017
652,1,171,2.08949,-4.44017
653,1,172,2.08949,-4.44017
654,1,173,2.08438,-4.4346
655,1,174,2.08431,-4.4345
656,1,175,2.08431,-4.4345
657,1,176,2.08431,-4.4345
658,1,177,2.08431,-4.4345
659,1,178,2.08431,-4.4345
660,1,179,2.08411,-4.43452
661,1,180,2.08411,-4.43452
662,1,181,2.08411,-4.43452
663,1,182,2.08411,-4.43452
664,1,183,2.08411,-4.43452
665,1,184,2.08411,-4.43452
666,1,185,2.08386,-4.43485
667,1,186,2.08383,-4.43488
668,1,187,2.08383,-4.43488
669,1,188,2.08383,-4.43488
670,1,189,2.08383,-4.43488
671,1,190,2.08383,-4.43488
672,1,191,2.08383,-4.43488
673,1,192,2.08383,-4.43488
674,1,193,2.08383,-4.43488
675,1,194,2.08383,-4.43488
676,1,195,2.08383,-4.43488
677,1,196,2.08383,-4.43488
678,1,197,2.08383,-4.43488
679,1,198,2.08383,-4.43488
680,1,199,2.08383,-4.43488
681,1,200,2.08383,-4.43488
682,1,201,2.08383,-4.43488
683,1,202,2.08383,-4.43488
684,1,203,2.08383,-4.43488
685,1,204,2.08383,-4.43488
686,1,205,2.08734,-4.43493
687,1,206,2.08734,-4.43493
688,1,207,2.08734,-4.43493
689,1,208,2.08734,-4.43493
690,1,209,2.08734,-4.43493
691,1,210,2.08734,-4.43493
692,1,211,2.08734,-4.43493
693,1,212,2.08734,-4.43493
694,1,213,2.08734,-4.43493
695,1,214,2.08734,-4.43493
696,1,215,2.08734,-4.43493
697,1,216,2.08734,-4.43493
698,1,217,2.08734,-4.43493
699,1,218,2.08663,-4.43486
700,1,219,2.08656,-4.43485
701,1,220,2.08656,-4.43485
702,1,221,2.08656,-4.43485
703,1,222,2.08656,-4.43485
704,1,223,2.08656,-4.43485
705,1,224,2.08656,-4.43485
706,1,225,2.08656,-4.43485
707,1,226,2.08656,-4.43485
708,1,227,2.08656,-4.43485
709,1,228,2.08656,-4.43485
710,1,229,2.08656,-4.43485
711,1,230,2.08656,-4.43485
712,1,231,2.08656,-4.43485
713,1,232,2.08267,-4.43808
714,1,233,2.08247,-4.43819
715,1,234,2.08247,-4.43819
716,1,235,2.08247,-4.43819
717,1,236,2.08247,-4.43819
718,1,237,2.08247,-4.43819
719,1,238,2.08247,-4.43819
720,1,239,2.08247,-4.43819
721,1,240,2.08247,-4.43819
722,1,241,2.08549,-4.44319
723,1,242,2.08549,-4.44319
724,1,243,2.08549,-4.44319
725,1,244,2.08549,-4.44319
726,1,245,2.08549,-4.44319
727,1,246,2.08549,-4.44319
728,1,247,2.08549,-4.44319
729,1,248,2.08952,-4.44086
730,1,249,2.09002,-4.44058
731,1,250,2.09002,-4.44058
732,1,251,2.09002,-4.44058
733,1,252,2.09002,-4.44058
734,1,253,2.09002,-4.44058
735,1,254,2.09002,-4.44058
736,1,255,2.09002,-4.44058
737,1,256,2.09002,-4.44058
738,1,257,2.09002,-4.44058
739,1,258,2.09002,-4.44058
740,1,259,2.09002,-4.44058
741,1,260,2.09002,-4.44058
742,1,261,2.09002,-4.44058
743,1,262,2.09002,-4.44058
744,1,263,2.09002,-4.44058
745,1,264,2.09002,-4.44058
746,1,265,2.09002,-4.44058
747,1,266,2.09002,-4.44058
748,1,267,2.09002,-4.44058
749,1,268,2.09002,-4.44058
750,1,269,2.09002,-4.44058
751,1,270,2.09002,-4.44058
752,1,271,2.09002,-4.44058
753,1,272,2.09002,-4.44058
754,1,273,2.09002,-4.44058
755,1,274,2.09002,-4.44058
756,1,275,2.08278,-4.44209
757,1,276,2.08229,-4.4422
758,1,277,2.08229,-4.4422
759,1,278,2.08229,-4.4422
760,1,279,2.08229,-4.4422
761,1,280,2.08229,-4.4422
762,1,281,2.08229,-4.4422
763,1,282,2.08229,-4.4422
764,1,283,2.08229,-4.4422
765,1,284,2.08229,-4.4422
766,1,285,2.08229,-4.4422
767,1,286,2.08229,-4.4422
768,1,287,2.08229,-4.4422
769,1,288,2.08229,-4.4422
770,1,289,2.08229,-4.4422
771,1,290,2.08367,-4.44357
772,1,291,2.08371,-4.44355
773,1,292,2.08371,-4.44355
774,1,293,2.08371,-4.44355
775,1,294,2.08371,-4.44355
776,1,295,2.08371,-4.44355
777,1,296,2.08371,-4.44355
778,1,297,2.08371,-4.44355
779,1,298,2.09001,-4.43991
780,1,299,2.09029,-4.43975
781,1,300,2.09029,-4.43975
782,1,301,2.09029,-4.43975
783,1,302,2.09029,-4.43975
784,1,303,2.09029,-4.43975
785,1,304,2.09029,-4.43975
786,1,305,2.09029,-4.43975
787,1,306,2.09029,-4.43975
788,1,307,2.09029,-4.43975
789,1,308,2.08865,-4.43685
790,1,309,2.08861,-4.43683
791,1,310,2.08861,-4.43683
792,1,311,2.08861,-4.43683
793,1,312,2.08861,-4.43683
794,1,313,2.08861,-4.43683
795,1,314,2.08861,-4.43683
796,1,315,2.08861,-4.43683
797,1,316,2.08861,-4.43683
798,1,317,2.08861,-4.43683
799,1,318,2.08861,-4.43683
800,1,319,2.08861,-4.43683
801,1,320,2.08861,-4.43683
802,1,321,2.08861,-4.43683
803,1,322,2.08861,-4.43683
804,1,323,2.08861,-4.43683
805,1,324,2.08109,-4.43955
806,1,325,2.08108,-4.43954
807,1,326,2.08108,-4.43954
808,1,327,2.08108,-4.43954
809,1,328,2.08108,-4.43954
810,1,329,2.08114,-4.43961
811,1,330,2.08114,-4.43961
812,1,331,2.08114,-4.43961
813,1,332,2.08114,-4.43961
814,1,333,2.08114,-4.43961
815,1,334,2.08114,-4.43961
816,1,335,2.08114,-4.43961
817,1,336,2.08114,-4.43961
818,1,337,2.08114,-4.43961
819,1,338,2.08114,-4.43961
820,1,339,2.08421,-4.44343
821,1,340,2.08424,-4.44341
822,1,341,2.08424,-4.44341
823,1,342,2.08424,-4.44341
824,1,343,2.08424,-4.44341
825,1,344,2.08424,-4.44341
826,1,345,2.08424,-4.44341
827,1,346,2.08424,-4.44341
828,1,347,2.08424,-4.44341
829,1,348,2.08424,-4.44341
830,1,349,2.08424,-4.44341
831,1,350,2.08424,-4.44341
832,1,351,2.08424,-4.44341
833,1,352,2.08424,-4.44341
834,1,353,2.08424,-4.44341
835,1,354,2.08424,-4.44341
836,1,355,2.08424,-4.44341
837,1,356,2.08424,-4.44341
838,1,357,2.08424,-4.44341
839,1,358,2.08424,-4.44341
840,1,359,2.08277,-4.43659
841,1,360,2.08277,-4.43659
842,1,361,2.08277,-4.43659
843,1,362,2.08277,-4.43659
844,1,363,2.08277,-4.43659
845,1,364,2.08277,-4.43659
846,1,365,2.08277,-4.43659
847,1,366,2.08277,-4.43659
848,1,367,2.08277,-4.43659
849,1,368,2.08277,-4.43659
850,1,369,2.08277,-4.43659
851,1,370,2.08277,-4.43659
852,1,371,2.08277,-4.43659
853,1,372,2.08277,-4.43659
854,1,373,2.08277,-4.43659
855,1,374,2.08032,-4.43841
856,1,375,2.08032,-4.43841
857,1,376,2.08032,-4.43841
858,1,377,2.08032,-4.43841
859,1,378,2.08032,-4.43841
860,1,379,2.08032,-4.43841
861,1,380,2.08032,-4.43841
862,1,381,2.08032,-4.43841
863,1,382,2.08032,-4.43841
864,1,383,2.08032,-4.43841
865,1,384,2.08032,-4.43841
866,1,385,2.08032,-4.43841
867,1,386,2.08032,-4.43841
868,1,387,2.08032,-4.43841
869,1,388,2.08032,-4.43841
870,1,389,2.08032,-4.43841
871,1,390,2.08032,-4.43841
872,1,391,2.08032,-4.43841
873,1,392,2.08032,-4.43841
874,1,393,2.08032,-4.43841
875,1,394,2.08032,-4.43841
876,1,395,2.08032,-4.43841
877,1,396,2.08032,-4.43841
878,1,397,2.08032,-4.43841
879,1,398,2.08032,-4.43841
880,1,399,2.08032,-4.43841
881,1,400,2.08032,-4.43841
882,1,401,2.08032,-4.43841
883,1,402,2.08032,-4.43841
884,1,403,2.08032,-4.43841
885,1,404,2.08015,-4.43624
886,1,405,2.08015,-4.43624
887,1,406,2.08015,-4.43624
888,1,407,2.08015,-4.43624
889,1,408,2.08015,-4.43624
890,1,409,2.08015,-4.43624
891,1,410,2.08015,-4.43624
892,1,411,2.07887,-4.43617
893,1,412,2.07887,-4.43617
894,1,413,2.07887,-4.43617
895,1,414,2.07887,-4.43617
896,1,415,2.07887,-4.43617
897,1,416,2.07887,-4.43617
898,1,417,2.07887,-4.43617
899,1,418,2.07887,-4.43617
900,1,419,2.07887,-4.43617
901,1,420,2.07887,-4.43617
902,1,421,2.07887,-4.43617
903,1,422,2.07887,-4.43617
904,1,423,2.07887,-4.43617
905,1,424,2.07887,-4.43617
906,1,425,2.07887,-4.43617
907,1,426,2.07887,-4.43617
908,1,427,2.07887,-4.43617
909,1,428,2.07887,-4.43617
910,1,429,2.07887,-4.43617
911,1,430,2.07887,-4.43617
912,1,431,2.07887,-4.43617
913,1,432,2.07887,-4.43617
914,1,433,2.07887,-4.43617
915,1,434,2.07887,-4.43617
916,1,435,2.07887,-4.43617
917,1,436,2.07887,-4.43617
918,1,437,2.08756,-4.43805
919,1,438,2.08856,-4.43828
920,1,439,2.08856,-4.43828
921,1,440,2.08856,-4.43828
922,1,441,2.08856,-4.43828
923,1,442,2.08856,-4.43828
924,1,443,2.08856,-4.43828
925,1,444,2.08856,-4.43828
926,1,445,2.08856,-4.43828
927,1,446,2.08856,-4.43828
928,1,447,2.08856,-4.43828
929,1,448,2.08856,-4.43828
930,1,449,2.08856,-4.43828
931,1,450,2.08856,-4.43828
932,1,451,2.08856,-4.43828
933,1,452,2.08856,-4.43828
934,1,453,2.08856,-4.43828
935,1,454,2.08856,-4.43828
936,1,455,2.08856,-4.43828
937,1,456,2.08856,-4.43828
938,1,457,2.08856,-4.43828
939,1,458,2.08856,-4.43828
940,1,459,2.08856,-4.43828
941,1,460,2.08856,-4.43828
942,1,461,2.08856,-4.43828
943,1,462,2.08067,-4.43882
944,1,463,2.08065,-4.43879
945,1,464,2.08065,-4.43879
946,1,465,2.08065,-4.43879
947,1,466,2.08065,-4.43879
948,1,467,2.08065,-4.43879
949,1,468,2.08065,-4.43879
950,1,469,2.08065,-4.43879
951,1,470,2.08065,-4.43879
952,1,471,2.08162,-4.44035
953,1,472,2.08174,-4.44055
954,1,473,2.08174,-4.44055
955,1,474,2.08174,-4.44055
956,1,475,2.08174,-4.44055
957,1,476,2.08174,-4.44055
958,1,477,2.08174,-4.44055
959,1,478,2.08174,-4.44055
960,1,479,2.08174,-4.44055
961,1,480,2.08174,-4.44055
962,1,481,2.08174,-4.44055
963,1,482,2.08174,-4.44055
964,1,483,2.08174,-4.44055
965,1,484,2.08174,-4.44055
966,1,485,2.08174,-4.44055
967,1,486,2.08174,-4.44055
968,1,487,2.08174,-4.44055
969,1,488,2.08174,-4.44055
970,1,489,2.08174,-4.44055
971,1,490,2.08174,-4.44055
972,1,491,2.08174,-4.44055
973,1,492,2.08174,-4.44055
974,1,493,2.08174,-4.44055
975,1,494,2.08174,-4.44055
976,1,495,2.08258,-4.4367
977,1,496,2.08258,-4.4367
978,1,497,2.08258,-4.4367
979,1,498,2.08258,-4.4367
980,1,499,2.08258,-4.4367
981,1,500,2.08258,-4.4367
982,1,501,2.08258,-4.4367
983,1,502,2.08258,-4.4367
984,1,503,2.08258,-4.4367
985,1,504,2.08258,-4.4367
986,1,505,2.07891,-4.43654
987,1,506,2.07891,-4.43654
988,1,507,2.07891,-4.43654
989,1,508,2.07891,-4.43654
990,1,509,2.07891,-4.43654
991,1,510,2.07891,-4.43654
992,1,511,2.07891,-4.43654
993,1,512,2.07891,-4.43654
994,1,513,2.07891,-4.43654
995,1,514,2.07891,-4.43654
996,1,515,2.07891,-4.43654
997,1,516,2.07891,-4.43654
998,1,517,2.07891,-4.43654
999,1,518,2.07891,-4.43654
1000,1,519,2.07891,-4.43654
1001,1,520,2.07891,-4.43654
1002,1,521,2.07891,-4.43654
1003,1,522,2.07891,-4.43654
1004,1,523,2.07891,-4.43654
1005,1,524,2.07891,-4.43654
1006,1,525,2.07891,-4.43654
1007,1,526,2.07891,-4.43654
1008,1,527,2.07891,-4.43654
1009,1,528,2.07891,-4.43654
1010,1,529,2.07891,-4.43654
1011,1,530,2.07891,-4.43654
1012,1,531,2.07891,-4.43654
1013,1,532,2.08742,-4.43652
1014,1,533,2.08753,-4.43659
1015,1,534,2.08753,-4.43659
1016,1,535,2.08753,-4.43659
1017,1,536,2.08753,-4.43659
1018,1,537,2.08753,-4.43659
1019,1,538,2.08753,-4.43659
1020,1,539,2.08753,-4.43659
1021,1,540,2.08753,-4.43659
1022,1,541,2.08753,-4.43659
1023,1,542,2.08753,-4.43659
1024,1,543,2.08753,-4.43659
1025,1,544,2.08753,-4.43659
1026,1,545,2.08753,-4.43659
1027,1,546,2.08753,-4.43659
1028,1,547,2.08753,-4.43659
1029,1,548,2.08571,-4.43657
1030,1,549,2.08547,-4.43656
1031,1,550,2.08547,-4.43656
1032,1,551,2.08547,-4.43656
1033,1,552,2.08547,-4.43656
1034,1,553,2.08547,-4.43656
1035,1,554,2.08547,-4.43656
1036,1,555,2.08547,-4.43656
1037,1,556,2.08547,-4.43656
1038,1,557,2.08547,-4.43656
1039,1,558,2.08547,-4.43656
1040,1,559,2.08547,-4.43656
1041,1,560,2.08547,-4.43656
1042,1,561,2.08128,-4.44082
1043,1,562,2.08128,-4.44082
1044,1,563,2.08128,-4.44082
1045,1,564,2.08128,-4.44082
1046,1,565,2.08128,-4.44082
1047,1,566,2.08128,-4.44082
1048,1,567,2.08128,-4.44082
1049,1,568,2.08128,-4.44082
1050,1,569,2.08128,-4.44082
1051,1,570,2.08128,-4.44082
1052,1,571,2.08128,-4.44082
1053,1,572,2.08128,-4.44082
1054,1,573,2.08128,-4.44082
1055,1,574,2.08128,-4.44082
1056,1,575,2.08128,-4.44082
1057,1,576,2.08128,-4.44082
1058,1,577,2.08128,-4.44082
1059,1,578,2.08128,-4.44082
1060,1,579,2.08128,-4.44082
1061,1,580,2.08128,-4.44082
1062,1,581,2.08128,-4.44082
1063,1,582,2.08128,-4.44082
1064,1,583,2.08128,-4.44082
1065,1,584,2.08128,-4.44082
1066,1,585,2.08128,-4.44082
1067,1,586,2.08128,-4.44082
1068,1,587,2.08128,-4.44082
1069,1,588,2.08128,-4.44082
1070,1,589,2.08128,-4.44082
1071,1,590,2.08083,-4.43587
1072,1,591,2.08083,-4.43587
1073,1,592,2.08086,-4.43594
1074,1,593,2.08086,-4.43594
1075,1,594,2.08086,-4.43594
1076,1,595,2.08086,-4.43594
1077,1,596,2.08086,-4.43594
1078,1,597,2.08086,-4.43594
1079,1,598,2.08086,-4.43594
1080,1,599,2.08086,-4.43594
1081,1,600,2.08086,-4.43594
1082,1,601,2.08086,-4.43594
1083,1,602,2.08086,-4.43594
1084,1,603,2.08086,-4.43594
1085,1,604,2.08086,-4.43594
1086,1,605,2.08086,-4.43594
1087,1,606,2.08086,-4.43594
1088,1,607,2.08086,-4.43594
1089,1,608,2.08086,-4.43594
1090,1,609,2.08086,-4.43594
1091,1,610,2.08086,-4.43594
1092,1,611,2.08086,-4.43594
1093,1,612,2.08086,-4.43594
1094,1,613,2.08293,-4.44274
1095,1,614,2.08327,-4.44333
1096,1,615,2.08327,-4.44333
1097,1,616,2.08327,-4.44333
1098,1,617,2.08327,-4.44333
1099,1,618,2.08327,-4.44333
1100,1,619,2.08327,-4.44333
1101,1,620,2.08327,-4.44333
1102,1,621,2.08327,-4.44333
1103,1,622,2.08327,-4.44333
1104,1,623,2.08327,-4.44333
1105,1,624,2.08327,-4.44333
1106,1,625,2.08327,-4.44333
1107,1,626,2.08327,-4.44333
1108,1,627,2.08327,-4.44333
1109,1,628,2.08327,-4.44333
1110,1,629,2.08327,-4.44333
1111,1,630,2.08327,-4.44333
1112,1,631,2.08327,-4.44333
1113,1,632,2.08327,-4.44333
1114,1,633,2.08327,-4.44333
1115,1,634,2.08327,-4.44333
1116,1,635,2.08327,-4.44333
1117,1,636,2.08327,-4.44333
1118,1,637,2.08167,-4.43656
1119,1,638,2.08169,-4.43661
1120,1,639,2.08169,-4.43661
1121,1,640,2.08169,-4.43661
1122,1,641,2.08169,-4.43661
1123,1,642,2.08169,-4.43661
1124,1,643,2.08169,-4.43661
1125,1,644,2.08169,-4.43661
1126,1,645,2.08169,-4.43661
1127,1,646,2.08169,-4.43661
1128,1,647,2.08169,-4.43661
1129,1,648,2.08169,-4.43661
1130,1,649,2.08169,-4.43661
1131,1,650,2.08169,-4.43661
1132,1,651,2.08169,-4.43661
1133,1,652,2.08169,-4.43661
1134,1,653,2.08169,-4.43661
1135,1,654,2.08169,-4.43661
1136,1,655,2.08169,-4.43661
1137,1,656,2.08169,-4.43661
1138,1,657,2.08169,-4.43661
1139,1,658,2.08169,-4.43661
1140,1,659,2.08169,-4.43661
1141,1,660,2.08172,-4.43666
1142,1,661,2.08172,-4.43666
1143,1,662,2.08172,-4.43666
1144,1,663,2.08172,-4.43666
1145,1,664,2.08755,-4.44206
1146,1,665,2.08773,-4.44196
1147,1,666,2.08773,-4.44196
1148,1,667,2.08773,-4.44196
1149,1,668,2.08773,-4.44196
1150,1,669,2.08773,-4.44196
1151,1,670,2.08936,-4.44101
1152,1,671,2.08936,-4.44101
1153,1,672,2.08936,-4.44101
1154,1,673,2.08936,-4.44101
1155,1,674,2.08936,-4.44101
1156,1,675,2.08936,-4.44101
1157,1,676,2.08948,-4.4408
1158,1,677,2.08948,-4.4408
1159,1,678,2.08948,-4.4408
1160,1,679,2.08948,-4.4408
1161,1,680,2.08948,-4.4408
1162,1,681,2.08948,-4.4408
1163,1,682,2.08948,-4.4408
1164,1,683,2.08948,-4.4408
1165,1,684,2.08948,-4.4408
1166,1,685,2.08948,-4.4408
1167,1,686,2.08948,-4.4408
1168,1,687,2.08948,-4.4408
1169,1,688,2.08948,-4.4408
1170,1,689,2.08948,-4.4408
1171,1,690,2.08948,-4.4408
1172,1,691,2.08948,-4.4408
1173,1,692,2.08948,-4.4408
1174,1,693,2.08948,-4.4408
1175,1,694,2.08151,-4.44022
1176,1,695,2.08142,-4.44007
1177,1,696,2.08142,-4.44007
1178,1,697,2.08142,-4.44007
1179,1,698,2.08142,-4.44007
1180,1,699,2.08142,-4.44007
1181,1,700,2.08142,-4.44007
1182,1,701,2.08142,-4.44007
1183,1,702,2.08142,-4.44007
1184,1,703,2.08142,-4.44007
1185,1,704,2.08142,-4.44007
1186,1,705,2.08142,-4.44007
1187,1,706,2.08142,-4.44007
1188,1,707,2.08365,-4.4438
1189,1,708,2.08365,-4.4438
1190,1,709,2.08365,-4.4438
1191,1,710,2.08365,-4.4438
1192,1,711,2.08365,-4.4438
1193,1,712,2.08365,-4.4438
1194,1,713,2.08365,-4.4438
1195,1,714,2.08365,-4.4438
1196,1,715,2.08365,-4.4438
1197,1,716,2.08365,-4.4438
1198,1,717,2.08365,-4.4438
1199,1,718,2.08365,-4.4438
1200,1,719,2.08365,-4.4438
1201,1,720,2.08365,-4.4438
1202,1,721,2.08365,-4.4438
1203,1,722,2.08365,-4.4438
1204,1,723,2.08365,-4.4438
1205,1,724,2.08365,-4.4438
1206,1,725,2.08365,-4.4438
1207,1,726,2.08365,-4.4438
1208,1,727,2.08365,-4.4438
1209,1,728,2.08365,-4.4438
1210,1,729,2.08365,-4.4438
1211,1,730,2.08365,-4.4438
1212,1,731,2.08365,-4.4438
1213,1,732,2.08365,-4.4438
1214,1,733,2.08365,-4.4438
1215,1,734,2.08365,-4.4438
1216,1,735,2.08365,-4.4438
1217,1,736,2.08058,-4.43862
1218,1,737,2.08017,-4.43789
1219,1,738,2.08017,-4.43789
1220,1,739,2.08017,-4.43789
1221,1,740,2.08017,-4.43789
1222,1,741,2.08017,-4.43789
1223,1,742,2.08017,-4.43789
1224,1,743,2.08017,-4.43789
1225,1,744,2.08017,-4.43789
1226,1,745,2.08017,-4.43789
1227,1,746,2.08017,-4.43789
1228,1,747,2.08017,-4.43789
1229,1,748,2.08017,-4.43789
1230,1,749,2.08017,-4.43789
1231,1,750,2.08017,-4.43789
1232,1,751,2.08017,-4.43789
1233,1,752,2.08017,-4.43789
1234,1,753,2.08017,-4.43789
1235,1,754,2.08017,-4.43789
1236,1,755,2.08374,-4.44376
1237,1,756,2.08374,-4.44376
1238,1,757,2.08374,-4.44376
1239,1,758,2.08374,-4.44376
1240,1,759,2.08374,-4.44376
1241,1,760,2.08374,-4.44376
1242,1,761,2.08374,-4.44376
1243,1,762,2.08374,-4.44376
1244,1,763,2.08374,-4.44376
1245,1,764,2.08374,-4.44376
1246,1,765,2.08374,-4.44376
1247,1,766,2.08374,-4.44376
1248,1,767,2.08374,-4.44376
1249,1,768,2.08374,-4.44376
1250,1,769,2.08374,-4.44376
1251,1,770,2.08785,-4.43946
1252,1,771,2.08785,-4.43946
1253,1,772,2.08785,-4.43946
1254,1,773,2.08785,-4.43946
1255,1,774,2.08785,-4.43946
1256,1,775,2.08785,-4.43946
1257,1,776,2.08785,-4.43946
1258,1,777,2.08785,-4.43946
1259,1,778,2.08785,-4.43946
1260,1,779,2.08785,-4.43946
1261,1,780,2.08785,-4.43946
1262,1,781,2.08785,-4.43946
1263,1,782,2.08785,-4.43946
1264,1,783,2.08785,-4.43946
1265,1,784,2.08785,-4.43946
1266,1,785,2.08785,-4.43946
1267,1,786,2.08785,-4.43946
1268,1,787,2.08785,-4.43946
1269,1,788,2.08785,-4.43946
1270,1,789,2.08785,-4.43946
1271,1,790,2.08785,-4.43946
1272,1,791,2.08785,-4.43946
1273,1,792,2.08318,-4.44312
1274,1,793,2.08318,-4.44312
1275,1,794,2.08318,-4.44312
1276,1,795,2.08318,-4.44312
1277,1,796,2.08318,-4.44312
1278,1,797,2.08318,-4.44312
1279,1,798,2.08318,-4.44312
1280,1,799,2.08318,-4.44312
1281,1,800,2.08318,-4.44312
1282,1,801,2.08318,-4.44312
1283,1,802,2.08318,-4.44312
1284,1,803,2.08318,-4.44312
1285,1,804,2.08318,-4.44312
1286,1,805,2.08318,-4.44312
1287,1,806,2.08318,-4.44312
1288,1,807,2.08318,-4.44312
1289,1,808,2.08318,-4.44312
1290,1,809,2.08318,-4.44312
1291,1,810,2.08318,-4.44312
1292,1,811,2.08888,-4.44073
1293,1,812,2.08888,-4.44073
1294,1,813,2.08888,-4.44073
1295,1,814,2.08888,-4.44073
1296,1,815,2.08888,-4.44073
1297,1,816,2.08888,-4.44073
1298,1,817,2.08888,-4.44073
1299,1,818,2.08888,-4.44073
1300,1,819,2.08888,-4.44073
1301,1,820,2.08888,-4.44073
1302,1,821,2.08888,-4.44073
1303,1,822,2.08888,-4.44073
1304,1,823,2.0866,-4.43678
1305,1,824,2.0866,-4.43678
1306,1,825,2.0866,-4.43678
1307,1,826,2.0866,-4.43678
1308,1,827,2.0866,-4.43678
1309,1,828,2.08462,-4.43673
1310,1,829,2.08437,-4.43672
1311,1,830,2.08437,-4.43672
1312,1,831,2.08437,-4.43672
1313,1,832,2.08437,-4.43672
1314,1,833,2.08437,-4.43672
1315,1,834,2.08437,-4.43672
1316,1,835,2.08437,-4.43672
1317,1,836,2.08437,-4.43672
1318,1,837,2.08437,-4.43672
1319,1,838,2.08437,-4.43672
1320,1,839,2.08437,-4.43672
1321,1,840,2.08437,-4.43672
1322,1,841,2.08437,-4.43672
1323,1,842,2.08437,-4.43672
1324,1,843,2.08437,-4.43672
1325,1,844,2.08283,-4.44304
1326,1,845,2.08297,-4.44328
1327,1,846,2.08297,-4.44328
1328,1,847,2.08297,-4.44328
1329,1,848,2.08297,-4.44328
1330,1,849,2.08297,-4.44328
1331,1,850,2.08297,-4.44328
1332,1,851,2.08297,-4.44328
1333,1,852,2.08297,-4.44328
1334,1,853,2.08297,-4.44328
1335,1,854,2.0861,-4.44241
1336,1,855,2.08641,-4.44224
1337,1,856,2.08641,-4.44224
1338,1,857,2.08641,-4.44224
1339,1,858,2.08641,-4.44224
1340,1,859,2.08641,-4.44224
1341,1,860,2.08641,-4.44224
1342,1,861,2.08866,-4.44094
1343,1,862,2.08866,-4.44094
1344,1,863,2.08866,-4.44094
1345,1,864,2.08866,-4.44094
1346,1,865,2.08866,-4.44094
1347,1,866,2.08866,-4.44094
1348,1,867,2.08866,-4.44094
1349,1,868,2.08866,-4.44094
1350,1,869,2.08866,-4.44094
1351,1,870,2.08866,-4.44094
1352,1,871,2.08866,-4.44094
1353,1,872,2.08866,-4.44094
1354,1,873,2.08866,-4.44094
1355,1,874,2.08866,-4.44094
1356,1,875,2.08866,-4.44094
1357,1,876,2.08866,-4.44094
1358,1,877,2.08866,-4.44094
1359,1,878,2.08866,-4.44094
1360,1,879,2.08866,-4.44094
1361,1,880,2.08866,-4.44094
1362,1,881,2.08866,-4.44094
1363,1,882,2.08866,-4.44094
1364,1,883,2.08866,-4.44094
1365,1,884,2.08866,-4.44094
1366,1,885,2.08866,-4.44094
1367,1,886,2.08866,-4.44094
1368,1,887,2.08866,-4.44094
1369,1,888,2.0833,-4.44403
1370,1,889,2.0833,-4.44403
1371,1,890,2.0833,-4.44403
1372,1,891,2.0833,-4.44403
1373,1,892,2.0833,-4.44403
1374,1,893,2.0833,-4.44403
1375,1,894,2.0833,-4.44403
1376,1,895,2.0833,-4.44403
1377,1,896,2.0833,-4.44403
1378,1,897,2.0833,-4.44403
1379,1,898,2.0833,-4.44403
1380,1,899,2.08382,-4.44373
1381,1,900,2.08388,-4.44369
1382,1,901,2.08388,-4.44369
1383,1,902,2.08388,-4.44369
1384,1,903,2.08388,-4.44369
1385,1,904,2.08388,-4.44369
1386,1,905,2.08388,-4.44369
1387,1,906,2.08388,-4.44369
1388,1,907,2.08388,-4.44369
1389,1,908,2.08388,-4.44369
1390,1,909,2.08388,-4.44369
1391,1,910,2.08388,-4.44369
1392,1,911,2.08388,-4.44369
1393,1,912,2.08388,-4.44369
1394,1,913,2.08388,-4.44369
1395,1,914,2.08388,-4.44369
1396,1,915,2.08388,-4.44369
1397,1,916,2.08388,-4.44369
1398,1,917,2.08388,-4.44369
1399,1,918,2.08388,-4.44369
1400,1,919,2.08388,-4.44369
1401,1,920,2.08388,-4.44369
1402,1,921,2.08388,-4.44369
1403,1,922,2.08388,-4.44369
1404,1,923,2.08388,-4.44369
1405,1,924,2.08388,-4.44369
1406,1,925,2.08071,-4.43931
1407,1,926,2.08039,-4.43874
1408,1,927,2.08039,-4.43874
1409,1,928,2.08039,-4.43874
1410,1,929,2.08039,-4.43874
1411,1,930,2.08039,-4.43874
1412,1,931,2.08039,-4.43874
1413,1,932,2.08039,-4.43874
1414,1,933,2.08039,-4.43874
1415,1,934,2.08039,-4.43874
1416,1,935,2.08039,-4.43874
1417,1,936,2.08039,-4.43874
1418,1,937,2.08039,-4.43874
1419,1,938,2.08039,-4.43874
1420,1,939,2.08039,-4.43874
1421,1,940,2.08276,-4.44265
1422,1,941,2.08305,-4.44315
1423,1,942,2.08305,-4.44315
1424,1,943,2.08305,-4.44315
1425,1,944,2.08305,-4.44315
1426,1,945,2.08305,-4.44315
1427,1,946,2.08305,-4.44315
1428,1,947,2.08305,-4.44315
1429,1,948,2.08305,-4.44315
1430,1,949,2.08305,-4.44315
1431,1,950,2.08305,-4.44315
1432,1,951,2.08305,-4.44315
1433,1,952,2.08305,-4.44315
1434,1,953,2.08305,-4.44315
1435,1,954,2.08305,-4.44315
1436,1,955,2.08305,-4.44315
1437,1,956,2.08305,-4.44315
1438,1,957,2.08305,-4.44315
1439,1,958,2.08305,-4.44315
1440,1,959,2.08305,-4.44315
1441,1,960,2.08305,-4.44315
1442,1,961,2.08305,-4.44315
1443,1,962,2.08434,-4.43634
1444,1,963,2.08434,-4.43634
1445,1,964,2.08434,-4.43634
1446,1,965,2.08434,-4.43634
1447,1,966,2.08434,-4.43634
1448,1,967,2.08434,-4.43634
1449,1,968,2.08434,-4.43634
1450,1,969,2.08434,-4.43634
1451,1,970,2.08434,-4.43634
1452,1,971,2.08434,-4.43634
1453,1,972,2.07852,-4.43613
1454,1,973,2.07849,-4.43614
1455,1,974,2.07849,-4.43614
1456,1,975,2.07849,-4.43614
1457,1,976,2.07849,-4.43614
1458,1,977,2.07849,-4.43614
1459,1,978,2.07849,-4.43614
1460,1,979,2.07849,-4.43614
1461,1,980,2.07849,-4.43614
1462,1,981,2.07849,-4.43614
1463,1,982,2.07849,-4.43614
1464,1,983,2.07849,-4.43614
1465,1,984,2.07849,-4.43614
1466,1,985,2.07853,-4.43616
1467,1,986,2.07853,-4.43616
1468,1,987,2.07853,-4.43616
1469,1,988,2.07853,-4.43616
1470,1,989,2.07853,-4.43616
1471,1,990,2.07853,-4.43616
1472,1,991,2.07853,-4.43616
1473,1,992,2.07853,-4.43616
1474,1,993,2.07853,-4.43616
1475,1,994,2.07853,-4.43616
1476,1,995,2.07853,-4.43616
1477,1,996,2.07853,-4.43616
1478,1,997,2.07853,-4.43616
1479,1,998,2.07853,-4.43616
1480,1,999,2.07853,-4.43616
1481,1,1000,2.07853,-4.43616
1482,1,1001,2.07853,-4.43616
1483,1,1002,2.08324,-4.43632
1484,1,1003,2.08388,-4.43635
1485,1,1004,2.08388,-4.43635
1486,1,1005,2.08388,-4.43635
1487,1,1006,2.08388,-4.43635
1488,1,1007,2.08388,-4.43635
1489,1,1008,2.08389,-4.43638
1490,1,1009,2.08389,-4.43638
1491,1,1010,2.08389,-4.43638
1492,1,1011,2.08389,-4.43638
1493,1,1012,2.08389,-4.43638
1494,1,1013,2.08389,-4.43638
1495,1,1014,2.08389,-4.43638
1496,1,1015,2.08389,-4.43638
1497,1,1016,2.08389,-4.43638
1498,1,1017,2.08389,-4.43638
1499,1,1018,2.08389,-4.43638
1500,1,1019,2.08389,-4.43638
1501,1,1020,2.08389,-4.43638
1502,1,1021,2.08389,-4.43638
1503,1,1022,2.08389,-4.43638
1504,1,1023,2.08389,-4.43638
1505,1,1024,2.08389,-4.43638
1506,1,1025,2.08389,-4.43638
1507,1,1026,2.08389,-4.43638
1508,1,1027,2.08389,-4.43638
1509,1,1028,2.08389,-4.43638
1510,1,1029,2.08191,-4.4412
1511,1,1030,2.08197,-4.4413
1512,1,1031,2.08197,-4.4413
1513,1,1032,2.08197,-4.4413
1514,1,1033,2.08197,-4.4413
1515,1,1034,2.08197,-4.4413
1516,1,1035,2.08197,-4.4413
1517,1,1036,2.08197,-4.4413
1518,1,1037,2.08197,-4.4413
1519,1,1038,2.08197,-4.4413
1520,1,1039,2.08197,-4.4413
1521,1,1040,2.08197,-4.4413
1522,1,1041,2.08757,-4.44183
1523,1,1042,2.088,-4.44158
1524,1,1043,2.088,-4.44158
1525,1,1044,2.088,-4.44158
1526,1,1045,2.088,-4.44158
1527,1,1046,2.088,-4.44158
1528,1,1047,2.088,-4.44158
1529,1,1048,2.088,-4.44158
1530,1,1049,2.088,-4.44158
1531,1,1050,2.088,-4.44158
1532,1,1051,2.088,-4.44158
1533,1,1052,2.088,-4.44158
1534,1,1053,2.088,-4.44158
1535,1,1054,2.088,-4.44158
1536,1,1055,2.088,-4.44158
1537,1,1056,2.088,-4.44158
1538,1,1057,2.088,-4.44158
1539,1,1058,2.088,-4.44158
1540,1,1059,2.088,-4.44158
1541,1,1060,2.088,-4.44158
1542,1,1061,2.088,-4.44158
1543,1,1062,2.088,-4.44158
1544,1,1063,2.088,-4.44158
1545,1,1064,2.088,-4.44158
1546,1,1065,2.088,-4.44158
1547,1,1066,2.088,-4.44158
1548,1,1067,2.088,-4.44158
1549,1,1068,2.088,-4.44158
1550,1,1069,2.088,-4.44158
1551,1,1070,2.08254,-4.44383
1552,1,1071,2.08254,-4.44383
1553,1,1072,2.08254,-4.44383
1554,1,1073,2.08254,-4.44383
1555,1,1074,2.08254,-4.44383
1556,1,1075,2.08254,-4.44383
1557,1,1076,2.08254,-4.44383
1558,1,1077,2.08254,-4.44383
1559,1,1078,2.08254,-4.44383
1560,1,1079,2.08254,-4.44383
1561,1,1080,2.08254,-4.44383
1562,1,1081,2.08254,-4.44383
1563,1,1082,2.08254,-4.44383
1564,1,1083,2.08254,-4.44383
1565,1,1084,2.08254,-4.44383
1566,1,1085,2.08254,-4.44383
1567,1,1086,2.08254,-4.44383
1568,1,1087,2.08254,-4.44383
1569,1,1088,2.08254,-4.44383
1570,1,1089,2.08254,-4.44383
1571,1,1090,2.08854,-4.44091
1572,1,1091,2.08861,-4.44087
1573,1,1092,2.08861,-4.44087
1574,1,1093,2.08861,-4.44087
1575,1,1094,2.08861,-4.44087
1576,1,1095,2.08861,-4.44087
1577,1,1096,2.08861,-4.44087
1578,1,1097,2.08861,-4.44087
1579,1,1098,2.08861,-4.44087
1580,1,1099,2.08861,-4.44087
1581,1,1100,2.08861,-4.44087
1582,1,1101,2.08861,-4.44087
1583,1,1102,2.08861,-4.44087
1584,1,1103,2.08861,-4.44087
1585,1,1104,2.08861,-4.44087
1586,1,1105,2.08861,-4.44087
1587,1,1106,2.08861,-4.44087
1588,1,1107,2.08408,-4.43622
1589,1,1108,2.08382,-4.43622
1590,1,1109,2.08382,-4.43622
1591,1,1110,2.08382,-4.43622
1592,1,1111,2.08382,-4.43622
1593,1,1112,2.08382,-4.43622
1594,1,1113,2.08382,-4.43622
1595,1,1114,2.08382,-4.43622
1596,1,1115,2.08382,-4.43622
1597,1,1116,2.08382,-4.43622
1598,1,1117,2.08382,-4.43622
1599,1,1118,2.08382,-4.43622
1600,1,1119,2.08382,-4.43622
1601,1,1120,2.08382,-4.43622
1602,1,1121,2.08382,-4.43622
1603,1,1122,2.08187,-4.44105
1604,1,1123,2.08193,-4.44116
1605,1,1124,2.08193,-4.44116
1606,1,1125,2.08193,-4.44116
1607,1,1126,2.08193,-4.44116
1608,1,1127,2.08193,-4.44116
1609,1,1128,2.08193,-4.44116
1610,1,1129,2.08193,-4.44116
1611,1,1130,2.08193,-4.44116
1612,1,1131,2.08193,-4.44116
1613,1,1132,2.08193,-4.44116
1614,1,1133,2.08193,-4.44116
1615,1,1134,2.08193,-4.44116
1616,1,1135,2.08193,-4.44116
1617,1,1136,2.08193,-4.44116
1618,1,1137,2.08193,-4.44116
1619,1,1138,2.08193,-4.44116
1620,1,1139,2.08193,-4.44116
1621,1,1140,2.08193,-4.44116
1622,1,1141,2.08705,-4.43808
1623,1,1142,2.08705,-4.43808
1624,1,1143,2.08705,-4.43808
1625,1,1144,2.08705,-4.43808
1626,1,1145,2.08705,-4.43808
1627,1,1146,2.08705,-4.43808
1628,1,1147,2.08705,-4.43808
1629,1,1148,2.08705,-4.43808
1630,1,1149,2.08705,-4.43808
1631,1,1150,2.08705,-4.43808
1632,1,1151,2.08705,-4.43808
1633,1,1152,2.08705,-4.43808
1634,1,1153,2.08536,-4.43649
1635,1,1154,2.08526,-4.43649
1636,1,1155,2.08526,-4.43649
1637,1,1156,2.08526,-4.43649
1638,1,1157,2.08526,-4.43649
1639,1,1158,2.08526,-4.43649
1640,1,1159,2.08526,-4.43649
1641,1,1160,2.08526,-4.43649
1642,1,1161,2.08526,-4.43649
1643,1,1162,2.08526,-4.43649
1644,1,1163,2.08526,-4.43649
1645,1,1164,2.08526,-4.43649
1646,1,1165,2.08526,-4.43649
1647,1,1166,2.08526,-4.43649
1648,1,1167,2.08526,-4.43649
1649,1,1168,2.08526,-4.43649
1650,1,1169,2.08526,-4.43649
1651,1,1170,2.08526,-4.43649
1652,1,1171,2.08526,-4.43649
1653,1,1172,2.08526,-4.43649
1654,1,1173,2.08526,-4.43649
1655,1,1174,2.08526,-4.43649
1656,1,1175,2.08526,-4.43649
1657,1,1176,2.08526,-4.43649
1658,1,1177,2.08526,-4.43649
1659,1,1178,2.08526,-4.43649
1660,1,1179,2.08526,-4.43649
1661,1,1180,2.08526,-4.43649
1662,1,1181,2.08679,-4.43928
1663,1,1182,2.08699,-4.43965
1664,1,1183,2.08699,-4.43965
1665,1,1184,2.08699,-4.43965
1666,1,1185,2.08699,-4.43965
1667,1,1186,2.08699,-4.43965
1668,1,1187,2.08699,-4.43965
1669,1,1188,2.08699,-4.43965
1670,1,1189,2.08699,-4.43965
1671,1,1190,2.08699,-4.43965
1672,1,1191,2.08699,-4.43965
1673,1,1192,2.08635,-4.43855
1674,1,1193,2.08627,-4.43841
1675,1,1194,2.08627,-4.43841
1676,1,1195,2.08627,-4.43841
1677,1,1196,2.08627,-4.43841
1678,1,1197,2.08627,-4.43841
1679,1,1198,2.08627,-4.43841
1680,1,1199,2.08627,-4.43841
1681,1,1200,2.08627,-4.43841
1682,1,1201,2.08627,-4.43841
1683,1,1202,2.08627,-4.43841
1684,1,1203,2.08627,-4.43841
1685,1,1204,2.08627,-4.43841
1686,1,1205,2.08627,-4.43841
1687,1,1206,2.08627,-4.43841
1688,1,1207,2.08627,-4.43841
1689,1,1208,2.08038,-4.43902
1690,1,1209,2.08038,-4.43902
1691,1,1210,2.08038,-4.43902
1692,1,1211,2.08038,-4.43902
1693,1,1212,2.08038,-4.43902
1694,1,1213,2.08038,-4.43902
1695,1,1214,2.08038,-4.43902
1696,1,1215,2.08038,-4.43902
1697,1,1216,2.08038,-4.43902
1698,1,1217,2.08038,-4.43902
1699,1,1218,2.08038,-4.43902
1700,1,1219,2.08038,-4.43902
1701,1,1220,2.08038,-4.43902
1702,1,1221,2.08038,-4.43902
1703,1,1222,2.08355,-4.44424
1704,1,1223,2.08355,-4.44424
1705,1,1224,2.08355,-4.44424
1706,1,1225,2.08355,-4.44424
1707,1,1226,2.08355,-4.44424
1708,1,1227,2.08355,-4.44424
1709,1,1228,2.08355,-4.44424
1710,1,1229,2.08355,-4.44424
1711,1,1230,2.08355,-4.44424
1712,1,1231,2.08355,-4.44424
1713,1,1232,2.08355,-4.44424
1714,1,1233,2.08355,-4.44424
1715,1,1234,2.08355,-4.44424
1716,1,1235,2.08862,-4.44116
1717,1,1236,2.08862,-4.44117
1718,1,1237,2.08862,-4.44117
1719,1,1238,2.08862,-4.44117
1720,1,1239,2.08862,-4.44117
1721,1,1240,2.08862,-4.44117
1722,1,1241,2.08738,-4.43903
1723,1,1242,2.08723,-4.43875
1724,1,1243,2.08723,-4.43875
1725,1,1244,2.08723,-4.43875
1726,1,1245,2.08723,-4.43875
1727,1,1246,2.08723,-4.43875
1728,1,1247,2.08723,-4.43875
1729,1,1248,2.08723,-4.43875
1730,1,1249,2.08723,-4.43875
1731,1,1250,2.08723,-4.43875
1732,1,1251,2.08723,-4.43875
1733,1,1252,2.08723,-4.43875
1734,1,1253,2.08723,-4.43875
1735,1,1254,2.08723,-4.43875
1736,1,1255,2.08723,-4.43875
1737,1,1256,2.08723,-4.43875
1738,1,1257,2.08723,-4.43875
1739,1,1258,2.08723,-4.43875
1740,1,1259,2.08723,-4.43875
1741,1,1260,2.08723,-4.43875
1742,1,1261,2.08723,-4.43875
1743,1,1262,2.08723,-4.43875
1744,1,1263,2.08723,-4.43875
1745,1,1264,2.08723,-4.43875
1746,1,1265,2.08723,-4.43875
1747,1,1266,2.08723,-4.43875
1748,1,1267,2.08723,-4.43875
1749,1,1268,2.08723,-4.43875
1750,1,1269,2.08723,-4.43875
1751,1,1270,2.08856,-4.44112
1752,1,1271,2.08856,-4.44112
1753,1,1272,2.08856,-4.44112
1754,1,1273,2.08856,-4.44112
1755,1,1274,2.08856,-4.44112
1756,1,1275,2.08856,-4.44112
1757,1,1276,2.08856,-4.44112
1758,1,1277,2.08856,-4.44112
1759,1,1278,2.08856,-4.44112
1760,1,1279,2.08856,-4.44112
1761,1,1280,2.08856,-4.44112
1762,1,1281,2.08856,-4.44112
1763,1,1282,2.08856,-4.44112
1764,1,1283,2.08856,-4.44112
1765,1,1284,2.08856,-4.44112
1766,1,1285,2.08856,-4.44112
1767,1,1286,2.08856,-4.44112
1768,1,1287,2.08731,-4.43896
1769,1,1288,2.08716,-4.43868
1770,1,1289,2.08716,-4.43868
1771,1,1290,2.08716,-4.43868
1772,1,1291,2.08716,-4.43868
1773,1,1292,2.08716,-4.43868
1774,1,1293,2.08716,-4.43868
1775,1,1294,2.08716,-4.43868
1776,1,1295,2.08716,-4.43868
1777,1,1296,2.08716,-4.43868
1778,1,1297,2.08716,-4.43868
1779,1,1298,2.08716,-4.43868
1780,1,1299,2.08716,-4.43868
1781,1,1300,2.08716,-4.43868
1782,1,1301,2.08716,-4.43868
1783,1,1302,2.08716,-4.43868
1784,1,1303,2.08716,-4.43868
1785,1,1304,2.08716,-4.43868
1786,1,1305,2.08716,-4.43868
1787,1,1306,2.08327,-4.44196
1788,1,1307,2.08327,-4.44196
1789,1,1308,2.08327,-4.44196
1790,1,1309,2.08327,-4.44196
1791,1,1310,2.08327,-4.44196
1792,1,1311,2.08327,-4.44196
1793,1,1312,2.08327,-4.44196
1794,1,1313,2.08327,-4.44196
1795,1,1314,2.08327,-4.44196
1796,1,1315,2.08327,-4.44196
1797,1,1316,2.08327,-4.44196
1798,1,1317,2.08327,-4.44196
1799,1,1318,2.08327,-4.44196
1800,1,1319,2.08327,-4.44196
1801,1,1320,2.08327,-4.44196
1802,1,1321,2.08327,-4.44196
1803,1,1322,2.08327,-4.44196
1804,1,1323,2.08805,-4.44132
1805,1,1324,2.08805,-4.44132
1806,1,1325,2.08805,-4.44132
1807,1,1326,2.08805,-4.44132
1808,1,1327,2.08805,-4.44132
1809,1,1328,2.08805,-4.44132
1810,1,1329,2.08805,-4.44132
1811,1,1330,2.08805,-4.44132
1812,1,1331,2.08805,-4.44132
1813,1,1332,2.08805,-4.44132
1814,1,1333,2.08805,-4.44132
1815,1,1334,2.08805,-4.44132
1816,1,1335,2.08805,-4.44132
1817,1,1336,2.08805,-4.44132
1818,1,1337,2.08805,-4.44132
1819,1,1338,2.08805,-4.44132
1820,1,1339,2.08805,-4.44132
1821,1,1340,2.08805,-4.44132
1822,1,1341,2.08805,-4.44132
1823,1,1342,2.08805,-4.44132
1824,1,1343,2.08805,-4.44132
1825,1,1344,2.08805,-4.44132
1826,1,1345,2.08805,-4.44132
1827,1,1346,2.08805,-4.44132
1828,1,1347,2.08805,-4.44132
1829,1,1348,2.08805,-4.44132
1830,1,1349,2.08805,-4.44132
1831,1,1350,2.08805,-4.44132
1832,1,1351,2.08805,-4.44132
1833,1,1352,2.08805,-4.44132
1834,1,1353,2.08426,-4.44351
1835,1,1354,2.08426,-4.4435
1836,1,1355,2.08426,-4.4435
1837,1,1356,2.08426,-4.4435
1838,1,1357,2.08426,-4.4435
1839,1,1358,2.08426,-4.4435
1840,1,1359,2.08427,-4.4435
1841,1,1360,2.08427,-4.4435
1842,1,1361,2.08427,-4.4435
1843,1,1362,2.08427,-4.4435
1844,1,1363,2.08427,-4.4435
1845,1,1364,2.08427,-4.4435
1846,1,1365,2.08427,-4.4435
1847,1,1366,2.08593,-4.44254
1848,1,1367,2.08614,-4.44242
1849,1,1368,2.08614,-4.44242
1850,1,1369,2.08614,-4.44242
1851,1,1370,2.08614,-4.44242
1852,1,1371,2.08614,-4.44242
1853,1,1372,2.08614,-4.44242
1854,1,1373,2.08614,-4.44242
1855,1,1374,2.08614,-4.44242
1856,1,1375,2.08614,-4.44242
1857,1,1376,2.08614,-4.44242
1858,1,1377,2.08614,-4.44242
1859,1,1378,2.08614,-4.44242
1860,1,1379,2.08614,-4.44242
1861,1,1380,2.08614,-4.44242
1862,1,1381,2.08614,-4.44242
1863,1,1382,2.08614,-4.44242
1864,1,1383,2.08614,-4.44242
1865,1,1384,2.08614,-4.44242
1866,1,1385,2.08614,-4.44242
1867,1,1386,2.08334,-4.43602
1868,1,1387,2.08334,-4.43602
1869,1,1388,2.08334,-4.43602
1870,1,1389,2.08334,-4.43602
1871,1,1390,2.08334,-4.43602
1872,1,1391,2.08334,-4.43602
1873,1,1392,2.08334,-4.43602
1874,1,1393,2.08334,-4.43602
1875,1,1394,2.08334,-4.43602
1876,1,1395,2.08334,-4.43602
1877,1,1396,2.08334,-4.43602
1878,1,1397,2.08336,-4.43606
1879,1,1398,2.08336,-4.43606
1880,1,1399,2.08336,-4.43606
1881,1,1400,2.08336,-4.43606
1882,1,1401,2.08336,-4.43606
1883,1,1402,2.08336,-4.43606
1884,1,1403,2.08336,-4.43606
1885,1,1404,2.08336,-4.43606
1886,1,1405,2.08336,-4.43606
1887,1,1406,2.08447,-4.44303
1888,1,1407,2.08448,-4.44303
1889,1,1408,2.08448,-4.44303
1890,1,1409,2.08448,-4.44303
1891,1,1410,2.08448,-4.44303
1892,1,1411,2.08448,-4.44303
1893,1,1412,2.08448,-4.44303
1894,1,1413,2.08448,-4.44303
1895,1,1414,2.08448,-4.44303
1896,1,1415,2.08448,-4.44303
1897,1,1416,2.08782,-4.4411
1898,1,1417,2.08782,-4.4411
1899,1,1418,2.08782,-4.4411
1900,1,1419,2.08782,-4.4411
1901,1,1420,2.08782,-4.4411
1902,1,1421,2.08782,-4.4411
1903,1,1422,2.08782,-4.4411
1904,1,1423,2.08782,-4.4411
1905,1,1424,2.08782,-4.4411
1906,1,1425,2.08782,-4.4411
1907,1,1426,2.08782,-4.4411
1908,1,1427,2.08782,-4.4411
1909,1,1428,2.08782,-4.4411
1910,1,1429,2.08782,-4.4411
1911,1,1430,2.08782,-4.4411
1912,1,1431,2.08782,-4.4411
1913,1,1432,2.08502,-4.43622
1914,1,1433,2.08503,-4.43622
1915,1,1434,2.08503,-4.43622
1916,1,1435,2.08503,-4.43622
1917,1,1436,2.08505,-4.43628
1918,1,1437,2.08505,-4.43628
1919,1,1438,2.08203,-4.43623
1920,1,1439,2.08203,-4.43623
1921,1,1440,2.08203,-4.43623
1922,1,1441,2.08203,-4.43623
1923,1,1442,2.08203,-4.43623
1924,1,1443,2.08203,-4.43623
1925,1,1444,2.08203,-4.43623
1926,1,1445,2.08203,-4.43623
1927,1,1446,2.08203,-4.43623
1928,1,1447,2.08206,-4.43627
1929,1,1448,2.08206,-4.43627
1930,1,1449,2.08206,-4.43627
1931,1,1450,2.08206,-4.43627
1932,1,1451,2.08206,-4.43627
1933,1,1452,2.08206,-4.43627
1934,1,1453,2.08206,-4.43627
1935,1,1454,2.08206,-4.43627
1936,1,1455,2.08206,-4.43627
1937,1,1456,2.08206,-4.43627
1938,1,1457,2.08206,-4.43627
1939,1,1458,2.08206,-4.43627
1940,1,1459,2.08206,-4.43627
1941,1,1460,2.08206,-4.43627
1942,1,1461,2.08206,-4.43627
1943,1,1462,2.08206,-4.43627
1944,1,1463,2.08206,-4.43627
1945,1,1464,2.08206,-4.43627
1946,1,1465,2.08206,-4.43627
1947,1,1466,2.08206,-4.43627
1948,1,1467,2.08206,-4.43627
1949,1,1468,2.08206,-4.43627
1950,1,1469,2.08206,-4.43627
1951,1,1470,2.08206,-4.43627
1952,1,1471,2.08206,-4.43627
1953,1,1472,2.08206,-4.43627
1954,1,1473,2.08319,-4.43627
1955,1,1474,2.08333,-4.43625
1956,1,1475,2.08333,-4.43625
1957,1,1476,2.08333,-4.43625
1958,1,1477,2.08333,-4.43625
1959,1,1478,2.08333,-4.43625
1960,1,1479,2.08333,-4.43625
1961,1,1480,2.08336,-4.43631
1962,1,1481,2.08336,-4.43631
1963,1,1482,2.08336,-4.43631
1964,1,1483,2.08336,-4.43631
1965,1,1484,2.08336,-4.43631
1966,1,1485,2.08336,-4.43631
1967,1,1486,2.08336,-4.43631
1968,1,1487,2.08336,-4.43631
1969,1,1488,2.08177,-4.43629
1970,1,1489,2.08177,-4.43629
1971,1,1490,2.08177,-4.43629
1972,1,1491,2.08177,-4.43629
1973,1,1492,2.08177,-4.43629
1974,1,1493,2.08177,-4.43629
1975,1,1494,2.08177,-4.43629
1976,1,1495,2.08177,-4.43629
1977,1,1496,2.08177,-4.43629
1978,1,1497,2.08177,-4.43629
1979,1,1498,2.08177,-4.43629
1980,1,1499,2.08177,-4.43629
1981,1,1500,2.08177,-4.43629
1982,1,1501,2.08177,-4.43629
1983,1,1502,2.08177,-4.43629
1984,1,1503,2.08177,-4.43629
1985,1,1504,2.08177,-4.43629
1986,1,1505,2.08177,-4.43629
1987,1,1506,2.08177,-4.43629
1988,1,1507,2.08177,-4.43629
1989,1,1508,2.08665,-4.44133
1990,1,1509,2.08699,-4.44191
1991,1,1510,2.08699,-4.44191
1992,1,1511,2.08699,-4.44191
1993,1,1512,2.08699,-4.44191
1994,1,1513,2.08699,-4.44191
1995,1,1514,2.08699,-4.44191
1996,1,1515,2.08699,-4.44191
1997,1,1516,2.08699,-4.44191
1998,1,1517,2.08699,-4.44191
1999,1,1518,2.08699,-4.44191
2000,1,1519,2.08699,-4.44191
2001,1,1520,2.08699,-4.44191
2002,1,1521,2.08699,-4.44191
2003,1,1522,2.08699,-4.44191
2004,1,1523,2.08699,-4.44191
2005,1,1524,2.08448,-4.43748
2006,1,1525,2.08418,-4.43693
2007,1,1526,2.08418,-4.43693
2008,1,1527,2.08418,-4.43693
2009,1,1528,2.08418,-4.43693
2010,1,1529,2.08418,-4.43693
2011,1,1530,2.08418,-4.43693
2012,1,1531,2.08418,-4.43693
2013,1,1532,2.08418,-4.43693
2014,1,1533,2.08418,-4.43693
2015,1,1534,2.08418,-4.43693
2016,1,1535,2.08418,-4.43693
2017,1,1536,2.08418,-4.43693
2018,1,1537,2.08418,-4.43693
2019,1,1538,2.08418,-4.43693
2020,1,1539,2.08418,-4.43693
2021,1,1540,2.08418,-4.43693
2022,1,1541,2.08418,-4.43693
2023,1,1542,2.08418,-4.43693
2024,1,1543,2.08418,-4.43693
2025,1,1544,2.08418,-4.43693
2026,1,1545,2.0842,-4.43696
2027,1,1546,2.0842,-4.43696
2028,1,1547,2.0842,-4.43696
2029,1,1548,2.0842,-4.43696
2030,1,1549,2.0842,-4.43696
2031,1,1550,2.0842,-4.43696
2032,1,1551,2.0842,-4.43696
2033,1,1552,2.0842,-4.43696
2034,1,1553,2.08479,-4.43806
2035,1,1554,2.08479,-4.43806
2036,1,1555,2.08479,-4.43806
2037,1,1556,2.08479,-4.43806
2038,1,1557,2.08479,-4.43806
2039,1,1558,2.08479,-4.43806
2040,1,1559,2.08479,-4.43806
2041,1,1560,2.08479,-4.43806
2042,1,1561,2.08479,-4.43806
2043,1,1562,2.08479,-4.43806
2044,1,1563,2.08479,-4.43806
2045,1,1564,2.08479,-4.43806
2046,1,1565,2.08476,-4.43797
2047,1,1566,2.08476,-4.43796
2048,1,1567,2.08476,-4.43796
2049,1,1568,2.08476,-4.43796
2050,1,1569,2.08476,-4.43796
2051,1,1570,2.08476,-4.43796
2052,1,1571,2.08476,-4.43796
2053,1,1572,2.08476,-4.43796
2054,1,1573,2.08476,-4.43796
2055,1,1574,2.08476,-4.43796
2056,1,1575,2.08476,-4.43796
2057,1,1576,2.08476,-4.43796
2058,1,1577,2.08476,-4.43796
2059,1,1578,2.08476,-4.43796
2060,1,1579,2.08476,-4.43796
2061,1,1580,2.08476,-4.43796
2062,1,1581,2.08476,-4.43796
2063,1,1582,2.08476,-4.43796
2064,1,1583,2.08476,-4.43796
2065,1,1584,2.08476,-4.43796
2066,1,1585,2.08476,-4.43796
2067,1,1586,2.08476,-4.43796
2068,1,1587,2.08476,-4.43796
2069,1,1588,2.08476,-4.43796
2070,1,1589,2.08476,-4.43796
2071,1,1590,2.08476,-4.43796
2072,1,1591,2.08483,-4.43805
2073,1,1592,2.08483,-4.43805
2074,1,1593,2.08483,-4.43805
2075,1,1594,2.08483,-4.43805
2076,1,1595,2.08483,-4.43805
2077,1,1596,2.08483,-4.43805
2078,1,1597,2.08483,-4.43805
2079,1,1598,2.08483,-4.43805
2080,1,1599,2.08483,-4.43805
2081,1,1600,2.08483,-4.43805
2082,1,1601,2.08483,-4.43805
2083,1,1602,2.08483,-4.43805
2084,1,1603,2.08483,-4.43805
2085,1,1604,2.08483,-4.43805
2086,1,1605,2.08483,-4.43805
2087,1,1606,2.08483,-4.43805
2088,1,1607,2.08483,-4.43805
2089,1,1608,2.08483,-4.43805
2090,1,1609,2.08483,-4.43802
2091,1,1610,2.08483,-4.43802
2092,1,1611,2.08483,-4.43802
2093,1,1612,2.08483,-4.43802
2094,1,1613,2.08483,-4.43802
2095,1,1614,2.08483,-4.43802
2096,1,1615,2.08483,-4.43802
2097,1,1616,2.08483,-4.43802
2098,1,1617,2.08483,-4.43802
2099,1,1618,2.08483,-4.43802
2100,1,1619,2.08483,-4.43802
2101,1,1620,2.08483,-4.43802
2102,1,1621,2.08483,-4.43802
2103,1,1622,2.08483,-4.43802
2104,1,1623,2.08483,-4.43802
2105,1,1624,2.08483,-4.43802
2106,1,1625,2.08483,-4.43802
2107,1,1626,2.08483,-4.43802
2108,1,1627,2.08483,-4.43802
2109,1,1628,2.08483,-4.43802
2110,1,1629,2.08478,-4.43792
2111,1,1630,2.08478,-4.43792
2112,1,1631,2.08478,-4.43792
2113,1,1632,2.08478,-4.43792
2114,1,1633,2.08478,-4.43792
2115,1,1634,2.08478,-4.43792
2116,1,1635,2.08478,-4.43792
2117,1,1636,2.08478,-4.43792
2118,1,1637,2.08478,-4.43792
2119,1,1638,2.08478,-4.43792
2120,1,1639,2.08478,-4.43792
2121,1,1640,2.08478,-4.43792
2122,1,1641,2.08478,-4.43792
2123,1,1642,2.08478,-4.43792
2124,1,1643,2.08478,-4.43792
2125,1,1644,2.08479,-4.43792
2126,1,1645,2.08479,-4.43792
2127,1,1646,2.08479,-4.43792
2128,1,1647,2.08479,-4.43792
2129,1,1648,2.08479,-4.43792
2130,1,1649,2.08502,-4.43838
2131,1,1650,2.08502,-4.43838
2132,1,1651,2.08502,-4.43838
2133,1,1652,2.08502,-4.43838
2134,1,1653,2.08502,-4.43838
2135,1,1654,2.08502,-4.43838
2136,1,1655,2.08502,-4.43838
2137,1,1656,2.08502,-4.43838
2138,1,1657,2.08502,-4.43838
2139,1,1658,2.08502,-4.43838
2140,1,1659,2.08502,-4.43838
2141,1,1660,2.08502,-4.43838
2142,1,1661,2.08502,-4.43838
2143,1,1662,2.08502,-4.43838
2144,1,1663,2.08502,-4.43838
2145,1,1664,2.08502,-4.43838
2146,1,1665,2.08502,-4.43838
2147,1,1666,2.08502,-4.43838
2148,1,1667,2.08502,-4.43838
2149,1,1668,2.08502,-4.43838
2150,1,1669,2.08502,-4.43838
2151,1,1670,2.08502,-4.43838
2152,1,1671,2.08502,-4.43838
2153,1,1672,2.08502,-4.43838
2154,1,1673,2.08502,-4.43838
2155,1,1674,2.08502,-4.43838
2156,1,1675,2.08502,-4.43838
2157,1,1676,2.08502,-4.43838
2158,1,1677,2.085,-4.43833
2159,1,1678,2.085,-4.43833
2160,1,1679,2.085,-4.43833
2161,1,1680,2.085,-4.43833
2162,1,1681,2.085,-4.43833
2163,1,1682,2.085,-4.43833
2164,1,1683,2.085,-4.43833
2165,1,1684,2.085,-4.43833
2166,1,1685,2.085,-4.43833
2167,1,1686,2.085,-4.43833
2168,1,1687,2.085,-4.43833
2169,1,1688,2.085,-4.43833
2170,1,1689,2.08508,-4.43842
2171,1,1690,2.08508,-4.43842
2172,1,1691,2.08508,-4.43842
2173,1,1692,2.08508,-4.43842
2174,1,1693,2.08508,-4.43842
2175,1,1694,2.08508,-4.43842
2176,1,1695,2.08508,-4.43842
2177,1,1696,2.08508,-4.43842
2178,1,1697,2.08508,-4.43842
2179,1,1698,2.08508,-4.43842
2180,1,1699,2.08508,-4.43842
2181,1,1700,2.08508,-4.43842
2182,1,1701,2.08508,-4.43842
2183,1,1702,2.08508,-4.43842
2184,1,1703,2.08508,-4.43842
2185,1,1704,2.08508,-4.43842
2186,1,1705,2.08508,-4.43842
2187,1,1706,2.08508,-4.43842
2188,1,1707,2.08499,-4.43831
2189,1,1708,2.08499,-4.43831
2190,1,1709,2.08499,-4.43831
2191,1,1710,2.08499,-4.43831
2192,1,1711,2.08499,-4.43831
2193,1,1712,2.08499,-4.43831
2194,1,1713,2.08499,-4.43831
2195,1,1714,2.08499,-4.43831
2196,1,1715,2.08499,-4.43831
2197,1,1716,2.08499,-4.43831
2198,1,1717,2.08499,-4.43831
2199,1,1718,2.08499,-4.43831
2200,1,1719,2.08499,-4.43831
2201,1,1720,2.08499,-4.43831
2202,1,1721,2.08499,-4.43831
2203,1,1722,2.08499,-4.43831
2204,1,1723,2.08499,-4.43831
2205,1,1724,2.08495,-4.43825
2206,1,1725,2.08495,-4.43825
2207,1,1726,2.08495,-4.43825
2208,1,1727,2.08495,-4.43825
2209,1,1728,2.08495,-4.43825
2210,1,1729,2.08495,-4.43825
2211,1,1730,2.08495,-4.43825
2212,1,1731,2.08495,-4.43825
2213,1,1732,2.08495,-4.43825
2214,1,1733,2.08495,-4.43825
2215,1,1734,2.08495,-4.43825
2216,1,1735,2.08495,-4.43825
2217,1,1736,2.08495,-4.43825
2218,1,1737,2.08495,-4.43825
2219,1,1738,2.08495,-4.43825
2220,1,1739,2.08495,-4.43825
2221,1,1740,2.08495,-4.43825
2222,1,1741,2.08495,-4.43825
2223,1,1742,2.08495,-4.43825
2224,1,1743,2.08495,-4.43825
2225,1,1744,2.08495,-4.43825
2226,1,1745,2.08495,-4.43825
2227,1,1746,2.08499,-4.43828
2228,1,1747,2.08499,-4.43828
2229,1,1748,2.08499,-4.43828
2230,1,1749,2.08499,-4.43828
2231,1,1750,2.08499,-4.43828
2232,1,1751,2.08499,-4.43828
2233,1,1752,2.08499,-4.43828
2234,1,1753,2.08499,-4.43828
2235,1,1754,2.08499,-4.43828
2236,1,1755,2.08499,-4.43828
2237,1,1756,2.08499,-4.43828
2238,1,1757,2.08499,-4.43828
2239,1,1758,2.08499,-4.43828
2240,1,1759,2.08499,-4.43828
2241,1,1760,2.08499,-4.43828
2242,1,1761,2.08499,-4.43828
2243,1,1762,2.08499,-4.43828
2244,1,1763,2.08499,-4.43828
2245,1,1764,2.08499,-4.43828
2246,1,1765,2.08493,-4.43818
2247,1,1766,2.08493,-4.43818
2248,1,1767,2.08493,-4.43818
2249,1,1768,2.08493,-4.43818
2250,1,1769,2.08493,-4.43818
2251,1,1770,2.08493,-4.43818
2252,1,1771,2.08493,-4.43818
2253,1,1772,2.08493,-4.43818
2254,1,1773,2.08493,-4.43818
2255,1,1774,2.08493,-4.43818
2256,1,1775,2.08493,-4.43818
2257,1,1776,2.08493,-4.43818
2258,1,1777,2.08493,-4.43818
2259,1,1778,2.08493,-4.43818
2260,1,1779,2.08493,-4.43818
2261,1,1780,2.08503,-4.43842
2262,1,1781,2.08503,-4.43842
2263,1,1782,2.08503,-4.43842
2264,1,1783,2.08503,-4.43842
2265,1,1784,2.08503,-4.43842
2266,1,1785,2.08503,-4.43842
2267,1,1786,2.08503,-4.43842
2268,1,1787,2.08503,-4.43842
2269,1,1788,2.08503,-4.43842
2270,1,1789,2.08503,-4.43842
2271,1,1790,2.08503,-4.43842
2272,1,1791,2.08503,-4.43842
2273,1,1792,2.08503,-4.43842
2274,1,1793,2.08503,-4.43842
2275,1,1794,2.08503,-4.43842
2276,1,1795,2.08503,-4.43842
2277,1,1796,2.08503,-4.43842
2278,1,1797,2.08503,-4.43842
2279,1,1798,2.08503,-4.43842
2280,1,1799,2.08503,-4.43842
2281,1,1800,2.08503,-4.43842
2282,1,1801,2.08503,-4.43842
2283,1,1802,2.08504,-4.43841
2284,1,1803,2.08459,-4.43756
2285,1,1804,2.08459,-4.43756
2286,1,1805,2.08459,-4.43756
2287,1,1806,2.08459,-4.43756
2288,1,1807,2.08459,-4.43756
2289,1,1808,2.08459,-4.43756
2290,1,1809,2.08459,-4.43756
2291,1,1810,2.08459,-4.43756
2292,1,1811,2.08459,-4.43756
2293,1,1812,2.08459,-4.43756
2294,1,1813,2.08459,-4.43756
2295,1,1814,2.08459,-4.43756
2296,1,1815,2.08459,-4.43756
2297,1,1816,2.0846,-4.43757
2298,1,1817,2.0846,-4.43757
2299,1,1818,2.0846,-4.43757
2300,1,1819,2.0846,-4.43757
2301,1,1820,2.0846,-4.43757
2302,1,1821,2.0846,-4.43757
2303,1,1822,2.08461,-4.43757
2304,1,1823,2.08461,-4.43757
2305,1,1824,2.08461,-4.43757
2306,1,1825,2.08461,-4.43757
2307,1,1826,2.08461,-4.43757
2308,1,1827,2.08461,-4.43757
2309,1,1828,2.08461,-4.43757
2310,1,1829,2.08461,-4.43757
2311,1,1830,2.08461,-4.43757
2312,1,1831,2.08684,-4.44139
2313,1,1832,2.08684,-4.44139
2314,1,1833,2.08684,-4.44139
2315,1,1834,2.08684,-4.44139
2316,1,1835,2.08684,-4.44139
2317,1,1836,2.08692,-4.4415
2318,1,1837,2.08692,-4.4415
2319,1,1838,2.08692,-4.4415
2320,1,1839,2.08692,-4.4415
2321,1,1840,2.08692,-4.4415
2322,1,1841,2.08752,-4.44105
2323,1,1842,2.08752,-4.44105
2324,1,1843,2.08752,-4.44105
2325,1,1844,2.08752,-4.44105
2326,1,1845,2.08752,-4.44105
2327,1,1846,2.08752,-4.44105
2328,1,1847,2.08752,-4.44105
2329,1,1848,2.08676,-4.43974
2330,1,1849,2.08666,-4.43957
2331,1,1850,2.08666,-4.43957
2332,1,1851,2.08666,-4.43957
2333,1,1852,2.08666,-4.43957
2334,1,1853,2.08666,-4.43957
2335,1,1854,2.08666,-4.43957
2336,1,1855,2.08666,-4.43957
2337,1,1856,2.08666,-4.43957
2338,1,1857,2.08666,-4.43957
2339,1,1858,2.08666,-4.43957
2340,1,1859,2.08666,-4.43957
2341,1,1860,2.08666,-4.43957
2342,1,1861,2.08666,-4.43957
2343,1,1862,2.08666,-4.43957
2344,1,1863,2.08666,-4.43957
2345,1,1864,2.08666,-4.43957
2346,1,1865,2.08666,-4.43957
2347,1,1866,2.08664,-4.43954
2348,1,1867,2.08664,-4.43954
2349,1,1868,2.08664,-4.43954
2350,1,1869,2.08664,-4.43954
2351,1,1870,2.08664,-4.43954
2352,1,1871,2.08664,-4.43954
2353,1,1872,2.08671,-4.43962
2354,1,1873,2.08671,-4.43962
2355,1,1874,2.08671,-4.43962
2356,1,1875,2.08671,-4.43962
2357,1,1876,2.08671,-4.43962
2358,1,1877,2.08671,-4.43962
2359,1,1878,2.08671,-4.43962
2360,1,1879,2.08671,-4.43962
2361,1,1880,2.08671,-4.43962
2362,1,1881,2.08671,-4.43962
2363,1,1882,2.08671,-4.43962
2364,1,1883,2.08671,-4.43962
2365,1,1884,2.08671,-4.43962
2366,1,1885,2.08671,-4.43962
2367,1,1886,2.08671,-4.43962
2368,1,1887,2.08671,-4.43962
2369,1,1888,2.08671,-4.43962
2370,1,1889,2.08671,-4.43962
2371,1,1890,2.08671,-4.43962
2372,1,1891,2.08671,-4.43962
2373,1,1892,2.08671,-4.43962
2374,1,1893,2.08671,-4.43962
2375,1,1894,2.08671,-4.43962
2376,1,1895,2.08671,-4.43962
2377,1,1896,2.08671,-4.43962
2378,1,1897,2.08671,-4.43962
2379,1,1898,2.08671,-4.43962
2380,1,1899,2.08671,-4.43962
2381,1,1900,2.08671,-4.43962
2382,1,1901,2.08671,-4.43962
2383,1,1902,2.08671,-4.43962
2384,1,1903,2.08671,-4.43962
2385,1,1904,2.08671,-4.43962
2386,1,1905,2.08671,-4.43962
2387,1,1906,2.08671,-4.43962
2388,1,1907,2.08671,-4.43962
2389,1,1908,2.08671,-4.43962
2390,1,1909,2.08671,-4.43962
2391,1,1910,2.08671,-4.43962
2392,1,1911,2.08671,-4.43962
2393,1,1912,2.08671,-4.43962
2394,1,1913,2.0867,-4.4396
2395,1,1914,2.0867,-4.4396
2396,1,1915,2.0867,-4.4396
2397,1,1916,2.0867,-4.4396
2398,1,1917,2.0867,-4.4396
2399,1,1918,2.0867,-4.4396
2400,1,1919,2.0867,-4.4396
2401,1,1920,2.0867,-4.4396
2402,1,1921,2.0867,-4.4396
2403,1,1922,2.0867,-4.4396
2404,1,1923,2.0867,-4.4396
2405,1,1924,2.0867,-4.4396
2406,1,1925,2.0867,-4.4396
2407,1,1926,2.0867,-4.4396
2408,1,1927,2.0867,-4.4396
2409,1,1928,2.0867,-4.4396
2410,1,1929,2.0867,-4.4396
2411,1,1930,2.0867,-4.4396
2412,1,1931,2.0867,-4.4396
2413,1,1932,2.0867,-4.4396
2414,1,1933,2.0867,-4.4396
2415,1,1934,2.0867,-4.4396
2416,1,1935,2.0867,-4.4396
2417,1,1936,2.0867,-4.4396
2418,1,1937,2.0867,-4.4396
2419,1,1938,2.08667,-4.43956
2420,1,1939,2.08667,-4.43956
2421,1,1940,2.08667,-4.43956
2422,1,1941,2.08667,-4.43956
2423,1,1942,2.08667,-4.43956
2424,1,1943,2.08667,-4.43956
2425,1,1944,2.08667,-4.43956
2426,1,1945,2.08667,-4.43956
2427,1,1946,2.08667,-4.43956
2428,1,1947,2.08549,-4.4375
2429,1,1948,2.08548,-4.4375
2430,1,1949,2.08548,-4.4375
2431,1,1950,2.08548,-4.4375
2432,1,1951,2.08548,-4.4375
2433,1,1952,2.08548,-4.4375
2434,1,1953,2.08548,-4.4375
2435,1,1954,2.08548,-4.4375
2436,1,1955,2.08549,-4.43752
2437,1,1956,2.08551,-4.43758
2438,1,1957,2.08551,-4.43758
2439,1,1958,2.08551,-4.43758
2440,1,1959,2.08551,-4.43758
2441,1,1960,2.08551,-4.43758
2442,1,1961,2.08551,-4.43758
2443,1,1962,2.08551,-4.43758
2444,1,1963,2.08551,-4.43758
2445,1,1964,2.08551,-4.43758
2446,1,1965,2.08551,-4.43758
2447,1,1966,2.08551,-4.43758
2448,1,1967,2.08551,-4.43758
2449,1,1968,2.08551,-4.43758
2450,1,1969,2.08551,-4.43758
2451,1,1970,2.08551,-4.43758
2452,1,1971,2.08551,-4.43758
2453,1,1972,2.08551,-4.43758
2454,1,1973,2.08551,-4.43758
2455,1,1974,2.08551,-4.43758
2456,1,1975,2.08589,-4.43833
2457,1,1976,2.08589,-4.43833
2458,1,1977,2.08589,-4.43833
2459,1,1978,2.08589,-4.43833
2460,1,1979,2.08589,-4.43833
2461,1,1980,2.08589,-4.43833
2462,1,1981,2.08589,-4.43833
2463,1,1982,2.08589,-4.43833
2464,1,1983,2.08589,-4.43833
2465,1,1984,2.08589,-4.43833
2466,1,1985,2.08589,-4.43833
2467,1,1986,2.08589,-4.43833
2468,1,1987,2.08589,-4.43833
2469,1,1988,2.08589,-4.43833
2470,1,1989,2.08589,-4.43833
2471,1,1990,2.08589,-4.43833
2472,1,1991,2.08589,-4.43833
2473,1,1992,2.08589,-4.43833
2474,1,1993,2.08589,-4.43833
2475,1,1994,2.08589,-4.43833
2476,1,1995,2.08589,-4.43833
2477,1,1996,2.08589,-4.43833
2478,1,1997,2.08589,-4.43833
2479,1,1998,2.08589,-4.43833
2480,1,1999,2.08589,-4.43833
2481,1,2000,2.08589,-4.43833
2482,1,2001,2.08589,-4.43833
2483,1,2002,2.08589,-4.43833
2484,1,2003,2.08584,-4.43824
2485,1,2004,2.08585,-4.43824
2486,1,2005,2.08585,-4.43824
2487,1,2006,2.08585,-4.43824
2488,1,2007,2.08585,-4.43824
2489,1,2008,2.08585,-4.43824
2490,1,2009,2.08585,-4.43824
2491,1,2010,2.08585,-4.43824
2492,1,2011,2.08585,-4.43824
2493,1,2012,2.08585,-4.43824
2494,1,2013,2.08585,-4.43824
2495,1,2014,2.08585,-4.43824
2496,1,2015,2.08585,-4.43824
2497,1,2016,2.08585,-4.43824
2498,1,2017,2.08585,-4.43824
2499,1,2018,2.08585,-4.43824
2500,1,2019,2.08585,-4.43824
2501,1,2020,2.08585,-4.43824
2502,1,2021,2.08585,-4.43824
2503,1,2022,2.08585,-4.43824
2504,1,2023,2.08585,-4.43824
2505,1,2024,2.08585,-4.43824
2506,1,2025,2.08585,-4.43824
2507,1,2026,2.08585,-4.43824
2508,1,2027,2.08585,-4.43824
2509,1,2028,2.08585,-4.43824
2510,1,2029,2.08585,-4.43824
2511,1,2030,2.08585,-4.43824
2512,1,2031,2.08585,-4.43824
2513,1,2032,2.08577,-4.43814
2514,1,2033,2.08577,-4.43814
2515,1,2034,2.08577,-4.43814
2516,1,2035,2.08577,-4.43814
2517,1,2036,2.08577,-4.43814
2518,1,2037,2.08577,-4.43814
2519,1,2038,2.08577,-4.43814
2520,1,2039,2.08577,-4.43814
2521,1,2040,2.08577,-4.43814
2522,1,2041,2.08577,-4.43814
2523,1,2042,2.08577,-4.43814
2524,1,2043,2.08577,-4.43814
2525,1,2044,2.08577,-4.43814
2526,1,2045,2.08577,-4.43814
2527,1,2046,2.08577,-4.43814
2528,1,2047,2.08577,-4.43814
2529,1,2048,2.08577,-4.43814
2530,1,2049,2.08577,-4.43814
2531,1,2050,2.08577,-4.43814
2532,1,2051,2.08577,-4.43814
2533,1,2052,2.08577,-4.43814
2534,1,2053,2.08577,-4.43814
2535,1,2054,2.08577,-4.43814
2536,1,2055,2.08577,-4.43814
2537,1,2056,2.08577,-4.43814
2538,1,2057,2.08577,-4.43814
2539,1,2058,2.08577,-4.43814
2540,1,2059,2.08584,-4.43821
2541,1,2060,2.08584,-4.43821
2542,1,2061,2.08584,-4.43821
2543,1,2062,2.08584,-4.43821
2544,1,2063,2.08584,-4.43821
2545,1,2064,2.08584,-4.43821
2546,1,2065,2.08584,-4.43821
2547,1,2066,2.08584,-4.43821
2548,1,2067,2.08584,-4.43821
2549,1,2068,2.08584,-4.43821
2550,1,2069,2.08584,-4.43821
2551,1,2070,2.08584,-4.43821
2552,1,2071,2.08584,-4.43821
2553,1,2072,2.08584,-4.43821
2554,1,2073,2.08584,-4.43821
2555,1,2074,2.08584,-4.43821
2556,1,2075,2.08584,-4.43821
2557,1,2076,2.08584,-4.43821
2558,1,2077,2.08584,-4.43821
2559,1,2078,2.08584,-4.43821
2560,1,2079,2.08584,-4.43821
2561,1,2080,2.08584,-4.43821
2562,1,2081,2.08584,-4.43821
2563,1,2082,2.08584,-4.43821
2564,1,2083,2.08584,-4.43821
2565,1,2084,2.08584,-4.43821
2566,1,2085,2.08584,-4.43821
2567,1,2086,2.08564,-4.43781
2568,1,2087,2.08564,-4.43781
2569,1,2088,2.08564,-4.43781
2570,1,2089,2.08564,-4.43781
2571,1,2090,2.08564,-4.43781
2572,1,2091,2.08564,-4.43781
2573,1,2092,2.08564,-4.43781
2574,1,2093,2.08564,-4.43781
2575,1,2094,2.08564,-4.43781
2576,1,2095,2.08564,-4.43781
2577,1,2096,2.08564,-4.43781
2578,1,2097,2.08564,-4.43781
2579,1,2098,2.08564,-4.43781
2580,1,2099,2.08564,-4.43781
2581,1,2100,2.08564,-4.43781
2582,1,2101,2.08564,-4.43781
2583,1,2102,2.08564,-4.43781
2584,1,2103,2.08564,-4.43781
2585,1,2104,2.08564,-4.43781
2586,1,2105,2.08564,-4.43781
2587,1,2106,2.08564,-4.43781
2588,1,2107,2.08564,-4.43781
2589,1,2108,2.08564,-4.43781
2590,1,2109,2.08569,-4.43789
2591,1,2110,2.08569,-4.43789
2592,1,2111,2.08569,-4.43789
2593,1,2112,2.08569,-4.43789
2594,1,2113,2.08569,-4.43789
2595,1,2114,2.08569,-4.43789
2596,1,2115,2.08569,-4.43789
2597,1,2116,2.08569,-4.43789
2598,1,2117,2.08569,-4.43789
2599,1,2118,2.08569,-4.43789
2600,1,2119,2.08569,-4.43789
2601,1,2120,2.08569,-4.43789
2602,1,2121,2.08569,-4.43789
2603,1,2122,2.08569,-4.43789
2604,1,2123,2.08569,-4.43789
2605,1,2124,2.08569,-4.43789
2606,1,2125,2.08569,-4.43789
2607,1,2126,2.08569,-4.43789
2608,1,2127,2.08569,-4.43789
2609,1,2128,2.08569,-4.43789
2610,1,2129,2.08569,-4.43789
2611,1,2130,2.08569,-4.43789
2612,1,2131,2.08569,-4.43789
2613,1,2132,2.08569,-4.43789
2614,1,2133,2.08567,-4.43789
2615,1,2134,2.08567,-4.43789
2616,1,2135,2.08567,-4.43789
2617,1,2136,2.08567,-4.43789
2618,1,2137,2.08567,-4.43789
2619,1,2138,2.08567,-4.43789
2620,1,2139,2.08566,-4.43785
2621,1,2140,2.08566,-4.43785
2622,1,2141,2.08566,-4.43785
2623,1,2142,2.08566,-4.43785
2624,1,2143,2.08566,-4.43785
2625,1,2144,2.08566,-4.43785
2626,1,2145,2.08566,-4.43785
2627,1,2146,2.08566,-4.43785
2628,1,2147,2.08566,-4.43785
2629,1,2148,2.08566,-4.43785
2630,1,2149,2.08566,-4.43785
2631,1,2150,2.08566,-4.43785
2632,1,2151,2.0857,-4.43789
2633,1,2152,2.0857,-4.43789
2634,1,2153,2.0857,-4.43789
2635,1,2154,2.0857,-4.43789
2636,1,2155,2.0857,-4.43789
2637,1,2156,2.0857,-4.43789
2638,1,2157,2.0857,-4.43789
2639,1,2158,2.0857,-4.43789
2640,1,2159,2.0857,-4.43789
2641,1,2160,2.0857,-4.43789
2642,1,2161,2.0857,-4.43789
2643,1,2162,2.0857,-4.43789
2644,1,2163,2.0857,-4.43789
2645,1,2164,2.0857,-4.43789
2646,1,2165,2.0857,-4.43789
2647,1,2166,2.0857,-4.43789
2648,1,2167,2.0857,-4.43789
2649,1,2168,2.0857,-4.43789
2650,1,2169,2.0857,-4.43789
2651,1,2170,2.0857,-4.43789
2652,1,2171,2.0857,-4.43789
2653,1,2172,2.0857,-4.43789
2654,1,2173,2.0857,-4.43789
2655,1,2174,2.08565,-4.43783
2656,1,2175,2.08565,-4.43783
2657,1,2176,2.08565,-4.43783
2658,1,2177,2.08565,-4.43783
2659,1,2178,2.08565,-4.43783
2660,1,2179,2.08565,-4.43783
2661,1,2180,2.08565,-4.43783
2662,1,2181,2.08565,-4.43783
2663,1,2182,2.08565,-4.43783
2664,1,2183,2.08565,-4.43783
2665,1,2184,2.08565,-4.43783
2666,1,2185,2.08565,-4.43783
2667,1,2186,2.08565,-4.43783
2668,1,2187,2.08565,-4.43783
2669,1,2188,2.08565,-4.43783
2670,1,2189,2.08565,-4.43783
2671,1,2190,2.08565,-4.43783
2672,1,2191,2.08565,-4.43783
2673,1,2192,2.08565,-4.43783
2674,1,2193,2.08565,-4.43783
2675,1,2194,2.08565,-4.43783
2676,1,2195,2.08567,-4.43785
2677,1,2196,2.08567,-4.43785
2678,1,2197,2.08567,-4.43785
2679,1,2198,2.08567,-4.43785
2680,1,2199,2.08567,-4.43785
2681,1,2200,2.08567,-4.43785
2682,1,2201,2.08567,-4.43785
2683,1,2202,2.08567,-4.43785
2684,1,2203,2.08567,-4.43785
2685,1,2204,2.08567,-4.43785
2686,1,2205,2.08567,-4.43785
2687,1,2206,2.08567,-4.43785
2688,1,2207,2.08567,-4.43785
2689,1,2208,2.08567,-4.43785
2690,1,2209,2.08567,-4.43785
2691,1,2210,2.08567,-4.43785
2692,1,2211,2.08567,-4.43785
2693,1,2212,2.08567,-4.43785
2694,1,2213,2.08567,-4.43785
2695,1,2214,2.08567,-4.43785
2696,1,2215,2.08567,-4.43785
2697,1,2216,2.08567,-4.43785
2698,1,2217,2.08567,-4.43785
2699,1,2218,2.08567,-4.43785
2700,1,2219,2.08567,-4.43785
2701,1,2220,2.08567,-4.43785
2702,1,2221,2.08567,-4.43785
2703,1,2222,2.08567,-4.43785
2704,1,2223,2.08568,-4.43786
2705,1,2224,2.08568,-4.43786
2706,1,2225,2.08568,-4.43786
2707,1,2226,2.08568,-4.43786
2708,1,2227,2.08568,-4.43786
2709,1,2228,2.08568,-4.43786
2710,1,2229,2.08568,-4.43786
2711,1,2230,2.08568,-4.43786
2712,1,2231,2.08568,-4.43786
2713,1,2232,2.08568,-4.43786
2714,1,2233,2.08568,-4.43786
2715,1,2234,2.08568,-4.43786
2716,1,2235,2.08568,-4.43786
2717,1,2236,2.08568,-4.43787
2718,1,2237,2.08568,-4.43787
2719,1,2238,2.08568,-4.43787
2720,1,2239,2.08568,-4.43787
2721,1,2240,2.08568,-4.43787
2722,1,2241,2.08568,-4.43787
2723,1,2242,2.08568,-4.43787
2724,1,2243,2.08568,-4.43787
2725,1,2244,2.08568,-4.43787
2726,1,2245,2.08568,-4.43787
2727,1,2246,2.08568,-4.43787
2728,1,2247,2.08568,-4.43787
2729,1,2248,2.08568,-4.43787
2730,1,2249,2.08568,-4.43787
2731,1,2250,2.08568,-4.43787
2732,1,2251,2.08568,-4.43787
2733,1,2252,2.08575,-4.43788
2734,1,2253,2.08575,-4.43788
2735,1,2254,2.08575,-4.43788
2736,1,2255,2.08575,-4.43788
2737,1,2256,2.08575,-4.43788
2738,1,2257,2.08575,-4.43788
2739,1,2258,2.08575,-4.43788
2740,1,2259,2.08575,-4.43788
2741,1,2260,2.08575,-4.43788
2742,1,2261,2.08575,-4.43788
2743,1,2262,2.08575,-4.43788
2744,1,2263,2.08576,-4.43794
2745,1,2264,2.08576,-4.43794
2746,1,2265,2.08576,-4.43794
2747,1,2266,2.08576,-4.43794
2748,1,2267,2.08576,-4.43794
2749,1,2268,2.08576,-4.43795
2750,1,2269,2.08576,-4.43795
2751,1,2270,2.08576,-4.43795
2752,1,2271,2.08576,-4.43795
2753,1,2272,2.08576,-4.43795
2754,1,2273,2.08576,-4.43795
2755,1,2274,2.08576,-4.43795
2756,1,2275,2.08576,-4.43795
2757,1,2276,2.08576,-4.43795
2758,1,2277,2.08576,-4.43795
2759,1,2278,2.08576,-4.43795
2760,1,2279,2.08576,-4.43795
2761,1,2280,2.08576,-4.43795
2762,1,2281,2.08576,-4.43795
2763,1,2282,2.08576,-4.43795
2764,1,2283,2.08576,-4.43795
2765,1,2284,2.08576,-4.43795
2766,1,2285,2.08576,-4.43795
2767,1,2286,2.08576,-4.43795
2768,1,2287,2.08576,-4.43795
2769,1,2288,2.08635,-4.43898
2770,1,2289,2.08637,-4.43902
2771,1,2290,2.08637,-4.43902
2772,1,2291,2.08637,-4.43902
2773,1,2292,2.08637,-4.43902
2774,1,2293,2.08637,-4.43902
2775,1,2294,2.08637,-4.43902
2776,1,2295,2.08637,-4.43902
2777,1,2296,2.08637,-4.43902
2778,1,2297,2.08637,-4.43902
2779,1,2298,2.08639,-4.43902
2780,1,2299,2.08642,-4.43904
2781,1,2300,2.08652,-4.4393
2782,1,2301,2.08654,-4.43935
2783,1,2302,2.08657,-4.43942
2784,1,2303,2.08657,-4.43945
2785,1,2304,2.08657,-4.43945
2786,1,2305,2.08657,-4.43945
2787,1,2306,2.08657,-4.43945
2788,1,2307,2.08657,-4.43945
2789,1,2308,2.08657,-4.43945
2790,1,2309,2.08671,-4.4398
2791,1,2310,2.08672,-4.43983
2792,1,2311,2.08679,-4.43984
2793,1,2312,2.08679,-4.43984
2794,1,2313,2.08679,-4.43984
2795,1,2314,2.08681,-4.43995
2796,1,2315,2.08681,-4.43995
2797,1,2316,2.08681,-4.43995
2798,1,2317,2.08681,-4.43995
2799,1,2318,2.08681,-4.43995
2800,1,2319,2.08681,-4.43995
2801,1,2320,2.08681,-4.43995
2802,1,2321,2.08681,-4.43995
2803,1,2322,2.08681,-4.43995
2804,1,2323,2.08681,-4.43995
2805,1,2324,2.08681,-4.43995
2806,1,2325,2.08681,-4.43995
2807,1,2326,2.08681,-4.43995
2808,1,2327,2.08681,-4.43995
2809,1,2328,2.08681,-4.43995
2810,1,2329,2.08681,-4.43995
2811,1,2330,2.08681,-4.43995
2812,1,2331,2.08681,-4.43995
2813,1,2332,2.08681,-4.43995
2814,1,2333,2.08681,-4.43995
2815,1,2334,2.08681,-4.43995
2816,1,2335,2.08687,-4.44002
2817,1,2336,2.08687,-4.44002
2818,1,2337,2.08687,-4.44002
2819,1,2338,2.08687,-4.44002
2820,1,2339,2.08687,-4.44002
2821,1,2340,2.08687,-4.44002
2822,1,2341,2.08687,-4.44002
2823,1,2342,2.08687,-4.44002
2824,1,2343,2.08691,-4.4401
2825,1,2344,2.08691,-4.4401
2826,1,2345,2.08691,-4.4401
2827,1,2346,2.08691,-4.4401
2828,1,2347,2.08691,-4.4401
2829,1,2348,2.08691,-4.4401
2830,1,2349,2.08691,-4.4401
2831,1,2350,2.08691,-4.4401
2832,1,2351,2.08691,-4.4401
2833,1,2352,2.08691,-4.4401
2834,1,2353,2.08691,-4.4401
2835,1,2354,2.08691,-4.4401
2836,1,2355,2.08691,-4.4401
2837,1,2356,2.08693,-4.44017
2838,1,2357,2.08693,-4.44017
2839,1,2358,2.08693,-4.44017
2840,1,2359,2.08693,-4.44017
2841,1,2360,2.08693,-4.44017
2842,1,2361,2.08693,-4.44019
2843,1,2362,2.08693,-4.44019
2844,1,2363,2.08693,-4.44019
2845,1,2364,2.08693,-4.44019
2846,1,2365,2.08693,-4.44019
2847,1,2366,2.08693,-4.44019
2848,1,2367,2.08693,-4.44019
2849,1,2368,2.08693,-4.44019
2850,1,2369,2.08693,-4.44019
2851,1,2370,2.08693,-4.44019
2852,1,2371,2.08693,-4.44019
2853,1,2372,2.08693,-4.44019
2854,1,2373,2.08693,-4.44021
2855,1,2374,2.08693,-4.44021
2856,1,2375,2.08693,-4.44021
2857,1,2376,2.08693,-4.44021
2858,1,2377,2.08693,-4.44021
2859,1,2378,2.08693,-4.44021
2860,1,2379,2.08693,-4.44021
2861,1,2380,2.08693,-4.44021
2862,1,2381,2.08693,-4.44021
2863,1,2382,2.08693,-4.44021
2864,1,2383,2.08698,-4.44026
2865,1,2384,2.08698,-4.44026
2866,1,2385,2.08698,-4.44026
2867,1,2386,2.08698,-4.44026
2868,1,2387,2.08698,-4.44026
2869,1,2388,2.08698,-4.44026
2870,1,2389,2.08698,-4.44026
2871,1,2390,2.08698,-4.44026
2872,1,2391,2.08698,-4.44026
2873,1,2392,2.08698,-4.44026
2874,1,2393,2.08698,-4.44026
2875,1,2394,2.08698,-4.44026
2876,1,2395,2.08698,-4.44026
2877,1,2396,2.08698,-4.44026
2878,1,2397,2.08698,-4.44026
2879,1,2398,2.08698,-4.44026
2880,1,2399,2.08701,-4.44034
2881,1,2400,2.08701,-4.44035
2882,1,2401,2.087,-4.44045
2883,1,2402,2.087,-4.44045
2884,1,2403,2.087,-4.44045
2885,1,2404,2.087,-4.44045
2886,1,2405,2.087,-4.44045
2887,1,2406,2.087,-4.44045
2888,1,2407,2.087,-4.44045
2889,1,2408,2.08699,-4.44047
2890,1,2409,2.08699,-4.44047
2891,1,2410,2.08699,-4.44047
2892,1,2411,2.08699,-4.44047
2893,1,2412,2.08699,-4.44047
2894,1,2413,2.08699,-4.44047
2895,1,2414,2.08699,-4.44047
2896,1,2415,2.08699,-4.44047
2897,1,2416,2.08699,-4.44047
2898,1,2417,2.08699,-4.44047
2899,1,2418,2.08699,-4.44047
2900,1,2419,2.08699,-4.44047
2901,1,2420,2.08699,-4.44047
2902,1,2421,2.08699,-4.44052
2903,1,2422,2.08699,-4.44052
2904,1,2423,2.08699,-4.44052
2905,1,2424,2.08699,-4.44052
2906,1,2425,2.08699,-4.44052
2907,1,2426,2.08699,-4.44052
2908,1,2427,2.08699,-4.44052
2909,1,2428,2.08699,-4.44052
2910,1,2429,2.08699,-4.44052
2911,1,2430,2.08699,-4.44052
2912,1,2431,2.08699,-4.44052
2913,1,2432,2.08699,-4.44052
2914,1,2433,2.08699,-4.44052
2915,1,2434,2.08699,-4.44052
2916,1,2435,2.08705,-4.44059
2917,1,2436,2.08705,-4.44059
2918,1,2437,2.08705,-4.44059
2919,1,2438,2.08705,-4.44059
2920,1,2439,2.08705,-4.44059
2921,1,2440,2.08705,-4.44059
2922,1,2441,2.08705,-4.44059
2923,1,2442,2.08705,-4.44059
2924,1,2443,2.08705,-4.44059
2925,1,2444,2.08705,-4.44059
2926,1,2445,2.08705,-4.44059
2927,1,2446,2.08705,-4.44059
2928,1,2447,2.08705,-4.44059
2929,1,2448,2.08705,-4.44059
2930,1,2449,2.08705,-4.44059
2931,1,2450,2.08705,-4.44059
2932,1,2451,2.08705,-4.44059
2933,1,2452,2.08705,-4.44059
2934,1,2453,2.08705,-4.44059
2935,1,2454,2.08705,-4.44059
2936,1,2455,2.08705,-4.44059
2937,1,2456,2.08705,-4.44059
2938,1,2457,2.087,-4.44049
2939,1,2458,2.087,-4.4405
2940,1,2459,2.087,-4.4405
2941,1,2460,2.087,-4.4405
2942,1,2461,2.08702,-4.44053
2943,1,2462,2.08702,-4.44053
2944,1,2463,2.08702,-4.44053
2945,1,2464,2.08702,-4.44053
2946,1,2465,2.08702,-4.44053
2947,1,2466,2.08702,-4.44053
2948,1,2467,2.08702,-4.44053
2949,1,2468,2.08702,-4.44053
2950,1,2469,2.08702,-4.44053
2951,1,2470,2.08702,-4.44053
2952,1,2471,2.08702,-4.44053
2953,1,2472,2.08702,-4.44053
2954,1,2473,2.08702,-4.44053
2955,1,2474,2.08702,-4.44053
2956,1,2475,2.08702,-4.44053
2957,1,2476,2.08702,-4.44053
2958,1,2477,2.08702,-4.44053
2959,1,2478,2.08702,-4.44053
2960,1,2479,2.08702,-4.44053
2961,1,2480,2.08702,-4.44053
2962,1,2481,2.08712,-4.44063
2963,1,2482,2.08712,-4.44063
2964,1,2483,2.08712,-4.44063
2965,1,2484,2.08712,-4.44063
2966,1,2485,2.08712,-4.44063
2967,1,2486,2.08712,-4.44063
2968,1,2487,2.08712,-4.44063
2969,1,2488,2.08712,-4.44063
2970,1,2489,2.08712,-4.44063
2971,1,2490,2.08712,-4.44063
2972,1,2491,2.08718,-4.44072
2973,1,2492,2.08718,-4.44072
2974,1,2493,2.08718,-4.44072
2975,1,2494,2.08718,-4.44072
2976,1,2495,2.08718,-4.44072
2977,1,2496,2.08718,-4.44072
2978,1,2497,2.08718,-4.44072
2979,1,2498,2.08718,-4.44072
2980,1,2499,2.08718,-4.44072
2981,1,2500,2.08718,-4.44072
2982,1,2501,2.08718,-4.44072
2983,1,2502,2.08718,-4.44072
2984,1,2503,2.08718,-4.44072
2985,1,2504,2.08718,-4.44072
2986,1,2505,2.08718,-4.44072
2987,1,2506,2.08718,-4.44072
2988,1,2507,2.08718,-4.44072
2989,1,2508,2.08718,-4.44072
2990,1,2509,2.08718,-4.44072
2991,1,2510,2.08718,-4.44072
2992,1,2511,2.08718,-4.44072
2993,1,2512,2.08718,-4.44072
2994,1,2513,2.08718,-4.44072
2995,1,2514,2.08718,-4.44072
2996,1,2515,2.08718,-4.44072
2997,1,2516,2.08718,-4.44072
2998,1,2517,2.08718,-4.44072
2999,1,2518,2.08718,-4.44072
3000,1,2519,2.08718,-4.44072
3001,1,2520,2.08718,-4.44072
3002,1,2521,2.08721,-4.44077
3003,1,2522,2.08721,-4.44077
3004,1,2523,2.08721,-4.44077
3005,1,2524,2.08721,-4.44077
3006,1,2525,2.08721,-4.44077
3007,1,2526,2.08721,-4.44077
3008,1,2527,2.08721,-4.44077
3009,1,2528,2.08721,-4.44077
3010,1,2529,2.08721,-4.44077
3011,1,2530,2.08721,-4.44077
3012,1,2531,2.08721,-4.44077
3013,1,2532,2.08721,-4.44077
3014,1,2533,2.08721,-4.44077
3015,1,2534,2.08721,-4.44077
3016,1,2535,2.08721,-4.44077
3017,1,2536,2.08721,-4.44077
3018,1,2537,2.08721,-4.44077
3019,1,2538,2.08721,-4.44077
3020,1,2539,2.08721,-4.44077
3021,1,2540,2.08721,-4.44077
3022,1,2541,2.08721,-4.44077
3023,1,2542,2.08721,-4.44077
3024,1,2543,2.08721,-4.44077
3025,1,2544,2.08721,-4.44077
3026,1,2545,2.08721,-4.44077
3027,1,2546,2.08721,-4.44077
3028,1,2547,2.08721,-4.44077
3029,1,2548,2.08721,-4.44077
3030,1,2549,2.08721,-4.44077
3031,1,2550,2.08719,-4.44069
3032,1,2551,2.08719,-4.44069
3033,1,2552,2.08719,-4.44069
3034,1,2553,2.08719,-4.44069
3035,1,2554,2.08719,-4.44069
3036,1,2555,2.08719,-4.44069
3037,1,2556,2.08719,-4.44069
3038,1,2557,2.08719,-4.44069
3039,1,2558,2.08719,-4.44069
3040,1,2559,2.08719,-4.44069
3041,1,2560,2.08719,-4.44069
3042,1,2561,2.08719,-4.44069
3043,1,2562,2.08719,-4.44069
3044,1,2563,2.08719,-4.44069
3045,1,2564,2.08719,-4.44069
3046,1,2565,2.08719,-4.44069
3047,1,2566,2.08719,-4.44069
3048,1,2567,2.08719,-4.44069
3049,1,2568,2.08719,-4.44069
3050,1,2569,2.08719,-4.44069
3051,1,2570,2.08719,-4.44069
3052,1,2571,2.08719,-4.44069
3053,1,2572,2.08727,-4.44076
3054,1,2573,2.08727,-4.44076
3055,1,2574,2.08727,-4.44076
3056,1,2575,2.08727,-4.44076
3057,1,2576,2.08727,-4.44076
3058,1,2577,2.08727,-4.44076
3059,1,2578,2.08727,-4.44076
3060,1,2579,2.08727,-4.44076
3061,1,2580,2.08727,-4.44076
3062,1,2581,2.08727,-4.44076
3063,1,2582,2.08727,-4.44076
3064,1,2583,2.08727,-4.44076
3065,1,2584,2.08727,-4.44076
3066,1,2585,2.08727,-4.44076
3067,1,2586,2.08727,-4.44076
3068,1,2587,2.08727,-4.44076
3069,1,2588,2.08727,-4.44076
3070,1,2589,2.08727,-4.44076
3071,1,2590,2.08727,-4.44076
3072,1,2591,2.08727,-4.44076
3073,1,2592,2.08727,-4.44076
3074,1,2593,2.08727,-4.44076
3075,1,2594,2.08727,-4.44076
3076,1,2595,2.08727,-4.44076
3077,1,2596,2.08727,-4.44076
3078,1,2597,2.08727,-4.44076
3079,1,2598,2.08727,-4.44076
3080,1,2599,2.08727,-4.44076
3081,1,2600,2.08723,-4.44062
3082,1,2601,2.08723,-4.44062
3083,1,2602,2.08723,-4.44062
3084,1,2603,2.08723,-4.44062
3085,1,2604,2.08723,-4.44062
3086,1,2605,2.08723,-4.44062
3087,1,2606,2.08723,-4.44062
3088,1,2607,2.08723,-4.44062
3089,1,2608,2.08723,-4.44062
3090,1,2609,2.08723,-4.44062
3091,1,2610,2.08723,-4.44062
3092,1,2611,2.0872,-4.44064
3093,1,2612,2.08721,-4.44064
3094,1,2613,2.08721,-4.44064
3095,1,2614,2.08721,-4.44063
3096,1,2615,2.08721,-4.44063
3097,1,2616,2.08721,-4.44063
3098,1,2617,2.08721,-4.44063
3099,1,2618,2.08721,-4.44063
3100,1,2619,2.08721,-4.44063
3101,1,2620,2.08721,-4.44063
3102,1,2621,2.08721,-4.44063
3103,1,2622,2.08721,-4.44063
3104,1,2623,2.08721,-4.44063
3105,1,2624,2.08721,-4.44063
3106,1,2625,2.08721,-4.44063
3107,1,2626,2.08721,-4.44063
3108,1,2627,2.08721,-4.44063
3109,1,2628,2.08721,-4.44063
3110,1,2629,2.08721,-4.44063
3111,1,2630,2.08721,-4.44063
3112,1,2631,2.08721,-4.44063
3113,1,2632,2.08721,-4.44063
3114,1,2633,2.08721,-4.44063
3115,1,2634,2.08721,-4.44063
3116,1,2635,2.08721,-4.44063
3117,1,2636,2.08722,-4.44062
3118,1,2637,2.08722,-4.44062
3119,1,2638,2.08722,-4.44062
3120,1,2639,2.08722,-4.44063
3121,1,2640,2.08722,-4.44063
3122,1,2641,2.08722,-4.44063
3123,1,2642,2.08722,-4.44063
3124,1,2643,2.08722,-4.44063
3125,1,2644,2.08722,-4.44063
3126,1,2645,2.08723,-4.44064
3127,1,2646,2.08723,-4.44064
3128,1,2647,2.08723,-4.44064
3129,1,2648,2.08723,-4.44064
3130,1,2649,2.08723,-4.44064
3131,1,2650,2.08723,-4.44064
3132,1,2651,2.08723,-4.44064
3133,1,2652,2.08723,-4.44064
3134,1,2653,2.08723,-4.44064
3135,1,2654,2.08723,-4.44064
3136,1,2655,2.08723,-4.44064
3137,1,2656,2.08723,-4.44064
3138,1,2657,2.08723,-4.44066
3139,1,2658,2.08723,-4.44066
3140,1,2659,2.08723,-4.44066
3141,1,2660,2.08723,-4.44066
3142,1,2661,2.08723,-4.44066
3143,1,2662,2.08723,-4.44066
3144,1,2663,2.08723,-4.44066
3145,1,2664,2.08723,-4.44066
3146,1,2665,2.08723,-4.44066
3147,1,2666,2.08726,-4.44075
3148,1,2667,2.08726,-4.44075
3149,1,2668,2.08726,-4.44075
3150,1,2669,2.08726,-4.44075
3151,1,2670,2.08726,-4.44075
3152,1,2671,2.08726,-4.44075
3153,1,2672,2.08726,-4.44075
3154,1,2673,2.08726,-4.44075
3155,1,2674,2.08726,-4.44075
3156,1,2675,2.08726,-4.44075
3157,1,2676,2.08726,-4.44075
3158,1,2677,2.08726,-4.44075
3159,1,2678,2.08726,-4.44075
3160,1,2679,2.08726,-4.44075
3161,1,2680,2.08726,-4.44075
3162,1,2681,2.08726,-4.44075
3163,1,2682,2.08726,-4.44075
3164,1,2683,2.08726,-4.44075
3165,1,2684,2.08726,-4.44075
3166,1,2685,2.08717,-4.44065
3167,1,2686,2.08717,-4.44065
3168,1,2687,2.08717,-4.44065
3169,1,2688,2.08717,-4.44065
3170,1,2689,2.08717,-4.44069
3171,1,2690,2.08717,-4.44069
3172,1,2691,2.08717,-4.44069
3173,1,2692,2.08717,-4.44069
3174,1,2693,2.08717,-4.44069
3175,1,2694,2.08717,-4.44069
3176,1,2695,2.08717,-4.44069
3177,1,2696,2.08717,-4.44069
3178,1,2697,2.08717,-4.44069
3179,1,2698,2.08717,-4.44069
3180,1,2699,2.08717,-4.44069
3181,1,2700,2.08714,-4.4407
3182,1,2701,2.08714,-4.4407
3183,1,2702,2.08714,-4.4407
3184,1,2703,2.08714,-4.4407
3185,1,2704,2.08714,-4.4407
3186,1,2705,2.08714,-4.4407
3187,1,2706,2.08714,-4.4407
3188,1,2707,2.08714,-4.4407
3189,1,2708,2.08714,-4.4407
3190,1,2709,2.08714,-4.4407
3191,1,2710,2.08714,-4.4407
3192,1,2711,2.08723,-4.4408
3193,1,2712,2.08723,-4.4408
3194,1,2713,2.08723,-4.4408
3195,1,2714,2.08723,-4.4408
3196,1,2715,2.08723,-4.4408
3197,1,2716,2.08723,-4.4408
3198,1,2717,2.08723,-4.4408
3199,1,2718,2.08723,-4.4408
3200,1,2719,2.08723,-4.4408
3201,1,2720,2.08723,-4.4408
3202,1,2721,2.08723,-4.4408
3203,1,2722,2.08723,-4.4408
3204,1,2723,2.08723,-4.4408
3205,1,2724,2.08723,-4.4408
3206,1,2725,2.08723,-4.4408
3207,1,2726,2.08723,-4.4408
3208,1,2727,2.08723,-4.4408
3209,1,2728,2.08723,-4.4408
3210,1,2729,2.08723,-4.4408
3211,1,2730,2.08715,-4.4407
3212,1,2731,2.08715,-4.4407
3213,1,2732,2.08715,-4.4407
3214,1,2733,2.08715,-4.4407
3215,1,2734,2.08715,-4.4407
3216,1,2735,2.08715,-4.4407
3217,1,2736,2.08715,-4.4407
3218,1,2737,2.08715,-4.4407
3219,1,2738,2.08715,-4.4407
3220,1,2739,2.08715,-4.4407
3221,1,2740,2.08715,-4.4407
3222,1,2741,2.08715,-4.4407
3223,1,2742,2.08715,-4.4407
3224,1,2743,2.08715,-4.4407
3225,1,2744,2.08715,-4.4407
3226,1,2745,2.08712,-4.44063
3227,1,2746,2.08712,-4.44063
3228,1,2747,2.08712,-4.44063
3229,1,2748,2.08715,-4.44064
3230,1,2749,2.08715,-4.44064
3231,1,2750,2.08715,-4.44064
3232,1,2751,2.08715,-4.44064
3233,1,2752,2.08715,-4.44064
3234,1,2753,2.08715,-4.44064
3235,1,2754,2.08715,-4.44064
3236,1,2755,2.08715,-4.44064
3237,1,2756,2.08715,-4.44064
3238,1,2757,2.08715,-4.44064
3239,1,2758,2.08715,-4.44064
3240,1,2759,2.08715,-4.44064
3241,1,2760,2.08715,-4.44064
3242,1,2761,2.08715,-4.44064
3243,1,2762,2.08715,-4.44064
3244,1,2763,2.08715,-4.44064
3245,1,2764,2.08715,-4.44064
3246,1,2765,2.08715,-4.44064
3247,1,2766,2.08715,-4.44064
3248,1,2767,2.08715,-4.44064
3249,1,2768,2.08715,-4.44064
3250,1,2769,2.08715,-4.44064
3251,1,2770,2.08715,-4.44064
3252,1,2771,2.08716,-4.44065
3253,1,2772,2.08716,-4.44066
3254,1,2773,2.08716,-4.44066
3255,1,2774,2.08715,-4.44068
3256,1,2775,2.08715,-4.44068
3257,1,2776,2.08715,-4.44068
3258,1,2777,2.08715,-4.44068
3259,1,2778,2.08716,-4.44071
3260,1,2779,2.08716,-4.44071
3261,1,2780,2.08716,-4.44071
3262,1,2781,2.08716,-4.44071
3263,1,2782,2.08716,-4.44071
3264,1,2783,2.08716,-4.44071
3265,1,2784,2.08716,-4.44071
3266,1,2785,2.08716,-4.44071
3267,1,2786,2.08716,-4.44071
3268,1,2787,2.08716,-4.44071
3269,1,2788,2.08716,-4.44071
3270,1,2789,2.08716,-4.44071
3271,1,2790,2.08716,-4.44071
3272,1,2791,2.08716,-4.44071
3273,1,2792,2.08716,-4.44071
3274,1,2793,2.08716,-4.44071
3275,1,2794,2.08716,-4.44071
3276,1,2795,2.08716,-4.44071
3277,1,2796,2.08716,-4.44071
3278,1,2797,2.08716,-4.44071
3279,1,2798,2.08721,-4.44079
3280,1,2799,2.08721,-4.44079
3281,1,2800,2.08721,-4.44079
3282,1,2801,2.08721,-4.44079
3283,1,2802,2.08721,-4.44079
3284,1,2803,2.08721,-4.44079
3285,1,2804,2.08721,-4.44079
3286,1,2805,2.08721,-4.44079
3287,1,2806,2.08721,-4.44079
3288,1,2807,2.08721,-4.44079
3289,1,2808,2.08721,-4.44079
3290,1,2809,2.08721,-4.44079
3291,1,2810,2.08726,-4.44095
3292,1,2811,2.08726,-4.44095
3293,1,2812,2.08726,-4.44095
3294,1,2813,2.08726,-4.44095
3295,1,2814,2.08726,-4.44095
3296,1,2815,2.08726,-4.44095
3297,1,2816,2.08726,-4.44095
3298,1,2817,2.08726,-4.44095
3299,1,2818,2.08726,-4.44095
3300,1,2819,2.08726,-4.44095
3301,1,2820,2.08726,-4.44095
3302,1,2821,2.08726,-4.44095
3303,1,2822,2.08726,-4.44095
3304,1,2823,2.08726,-4.44095
3305,1,2824,2.08726,-4.44095
3306,1,2825,2.08726,-4.44095
3307,1,2826,2.08726,-4.44095
3308,1,2827,2.08718,-4.44086
3309,1,2828,2.08718,-4.44086
3310,1,2829,2.08718,-4.44086
3311,1,2830,2.08718,-4.44086
3312,1,2831,2.08718,-4.44086
3313,1,2832,2.08718,-4.44086
3314,1,2833,2.08718,-4.44086
3315,1,2834,2.08718,-4.44086
3316,1,2835,2.08718,-4.44086
3317,1,2836,2.08718,-4.44086
3318,1,2837,2.08718,-4.44086
3319,1,2838,2.08718,-4.44086
3320,1,2839,2.08713,-4.44079
3321,1,2840,2.08713,-4.4408
3322,1,2841,2.08713,-4.4408
3323,1,2842,2.08713,-4.4408
3324,1,2843,2.08713,-4.4408
3325,1,2844,2.08713,-4.4408
3326,1,2845,2.08713,-4.4408
3327,1,2846,2.08713,-4.4408
3328,1,2847,2.08713,-4.4408
3329,1,2848,2.08713,-4.4408
3330,1,2849,2.08713,-4.4408
3331,1,2850,2.08713,-4.4408
3332,1,2851,2.08713,-4.4408
3333,1,2852,2.08713,-4.4408
3334,1,2853,2.08713,-4.4408
3335,1,2854,2.08721,-4.44096
3336,1,2855,2.08721,-4.44096
3337,1,2856,2.08721,-4.44096
3338,1,2857,2.08721,-4.44096
3339,1,2858,2.08721,-4.44096
3340,1,2859,2.08721,-4.44096
3341,1,2860,2.08721,-4.44096
3342,1,2861,2.08721,-4.44096
3343,1,2862,2.08721,-4.44096
3344,1,2863,2.08721,-4.44096
3345,1,2864,2.08721,-4.44096
3346,1,2865,2.08721,-4.44096
3347,1,2866,2.08721,-4.44096
3348,1,2867,2.08721,-4.44097
3349,1,2868,2.08721,-4.44097
3350,1,2869,2.08721,-4.44097
3351,1,2870,2.08721,-4.44097
3352,1,2871,2.08715,-4.44098
3353,1,2872,2.08715,-4.44098
3354,1,2873,2.08715,-4.44098
3355,1,2874,2.08715,-4.44098
3356,1,2875,2.08715,-4.44098
3357,1,2876,2.08715,-4.44098
3358,1,2877,2.08715,-4.44098
3359,1,2878,2.08715,-4.44098
3360,1,2879,2.08715,-4.44098
3361,1,2880,2.08715,-4.44098
3362,1,2881,2.08715,-4.44098
3363,1,2882,2.08715,-4.44098
3364,1,2883,2.08715,-4.44098
3365,1,2884,2.08715,-4.44098
3366,1,2885,2.08715,-4.44098
3367,1,2886,2.08715,-4.44098
3368,1,2887,2.08715,-4.44098
3369,1,2888,2.08715,-4.44098
3370,1,2889,2.08715,-4.44098
3371,1,2890,2.08715,-4.44098
3372,1,2891,2.08715,-4.44098
3373,1,2892,2.08715,-4.44098
3374,1,2893,2.08721,-4.44104
3375,1,2894,2.08721,-4.44104
3376,1,2895,2.08721,-4.44104
3377,1,2896,2.08721,-4.44104
3378,1,2897,2.08721,-4.44104
3379,1,2898,2.0873,-4.44114
3380,1,2899,2.0873,-4.44114
3381,1,2900,2.0873,-4.44114
3382,1,2901,2.0873,-4.44114
3383,1,2902,2.0873,-4.44114
3384,1,2903,2.0873,-4.44114
3385,1,2904,2.0873,-4.44114
3386,1,2905,2.0873,-4.44114
3387,1,2906,2.0873,-4.44114
3388,1,2907,2.0873,-4.44114
3389,1,2908,2.0873,-4.44114
3390,1,2909,2.0873,-4.44114
3391,1,2910,2.0873,-4.44114
3392,1,2911,2.0873,-4.44114
3393,1,2912,2.08734,-4.4412
3394,1,2913,2.08734,-4.4412
3395,1,2914,2.08734,-4.4412
3396,1,2915,2.08734,-4.4412
3397,1,2916,2.08734,-4.4412
3398,1,2917,2.08734,-4.4412
3399,1,2918,2.08734,-4.4412
3400,1,2919,2.08734,-4.4412
3401,1,2920,2.08734,-4.4412
3402,1,2921,2.08734,-4.4412
3403,1,2922,2.08734,-4.4412
3404,1,2923,2.08734,-4.4412
3405,1,2924,2.08734,-4.4412
3406,1,2925,2.08734,-4.4412
3407,1,2926,2.08734,-4.4412
3408,1,2927,2.08734,-4.4412
3409,1,2928,2.08734,-4.4412
3410,1,2929,2.08734,-4.4412
3411,1,2930,2.08731,-4.44114
3412,1,2931,2.08731,-4.44114
3413,1,2932,2.08731,-4.44114
3414,1,2933,2.08731,-4.44114
3415,1,2934,2.08731,-4.44114
3416,1,2935,2.08731,-4.44114
3417,1,2936,2.08731,-4.44114
3418,1,2937,2.08731,-4.44114
3419,1,2938,2.08731,-4.44114
3420,1,2939,2.08731,-4.44114
3421,1,2940,2.08731,-4.44114
3422,1,2941,2.08731,-4.44114
3423,1,2942,2.08731,-4.44114
3424,1,2943,2.08737,-4.4412
3425,1,2944,2.08737,-4.4412
3426,1,2945,2.08737,-4.4412
3427,1,2946,2.08737,-4.4412
3428,1,2947,2.08737,-4.4412
3429,1,2948,2.08737,-4.4412
3430,1,2949,2.08737,-4.4412
3431,1,2950,2.08737,-4.4412
3432,1,2951,2.08737,-4.4412
3433,1,2952,2.08737,-4.4412
3434,1,2953,2.08737,-4.4412
3435,1,2954,2.08737,-4.4412
3436,1,2955,2.08737,-4.4412
3437,1,2956,2.08737,-4.4412
3438,1,2957,2.08737,-4.4412
3439,1,2958,2.08737,-4.4412
3440,1,2959,2.08737,-4.4412
3441,1,2960,2.08737,-4.4412
3442,1,2961,2.08737,-4.4412
3443,1,2962,2.08733,-4.44115
3444,1,2963,2.08733,-4.44115
3445,1,2964,2.08733,-4.44115
3446,1,2965,2.08733,-4.44115
3447,1,2966,2.08733,-4.44115
3448,1,2967,2.08733,-4.44115
3449,1,2968,2.08733,-4.44115
3450,1,2969,2.08733,-4.44115
3451,1,2970,2.08733,-4.44115
3452,1,2971,2.08733,-4.44115
3453,1,2972,2.08733,-4.44115
3454,1,2973,2.08733,-4.44115
3455,1,2974,2.08733,-4.44115
3456,1,2975,2.08733,-4.44115
3457,1,2976,2.08733,-4.44115
3458,1,2977,2.08733,-4.44115
3459,1,2978,2.08733,-4.44115
3460,1,2979,2.08733,-4.44115
3461,1,2980,2.08733,-4.44115
3462,1,2981,2.08733,-4.44115
3463,1,2982,2.08733,-4.44115
3464,1,2983,2.08733,-4.44115
3465,1,2984,2.08733,-4.44115
3466,1,2985,2.08733,-4.44115
3467,1,2986,2.08733,-4.44115
3468,1,2987,2.08733,-4.44115
3469,1,2988,2.08733,-4.44115
3470,1,2989,2.08733,-4.44115
3471,1,2990,2.08733,-4.44115
3472,1,2991,2.08737,-4.44122
3473,1,2992,2.08737,-4.44122
3474,1,2993,2.08737,-4.44122
3475,1,2994,2.08737,-4.44122
3476,1,2995,2.08737,-4.44122
3477,1,2996,2.08737,-4.44122
3478,1,2997,2.08737,-4.44122
3479,1,2998,2.08737,-4.44122
3480,1,2999,2.08737,-4.44122
3481,1,3000,2.08737,-4.44122
3482,1,3001,2.08737,-4.44122
3483,1,3002,2.08737,-4.44122
3484,1,3003,2.08736,-4.44121
3485,1,3004,2.08736,-4.44121
3486,1,3005,2.08736,-4.44121
3487,1,3006,2.08736,-4.44121
3488,1,3007,2.08736,-4.44121
3489,1,3008,2.08736,-4.44121
3490,1,3009,2.08736,-4.44121
3491,1,3010,2.08736,-4.44121
3492,1,3011,2.08736,-4.44121
3493,1,3012,2.08736,-4.44121
3494,1,3013,2.08736,-4.44121
3495,1,3014,2.08736,-4.44121
3496,1,3015,2.08736,-4.44121
3497,1,3016,2.08736,-4.44121
3498,1,3017,2.08736,-4.44121
3499,1,3018,2.08736,-4.44121
3500,1,3019,2.08736,-4.44121
3501,1,3020,2.08736,-4.44121
3502,1,3021,2.08736,-4.44121
3503,1,3022,2.08736,-4.44121
3504,1,3023,2.08736,-4.44121
3505,1,3024,2.08736,-4.44121
3506,1,3025,2.08733,-4.44116
3507,1,3026,2.08733,-4.44116
3508,1,3027,2.08733,-4.44116
3509,1,3028,2.08733,-4.44116
3510,1,3029,2.08733,-4.44116
3511,1,3030,2.08733,-4.44116
3512,1,3031,2.08733,-4.44116
3513,1,3032,2.08733,-4.44116
3514,1,3033,2.08733,-4.44116
3515,1,3034,2.08733,-4.44116
3516,1,3035,2.08733,-4.44116
3517,1,3036,2.08739,-4.44123
3518,1,3037,2.08739,-4.44123
3519,1,3038,2.08739,-4.44123
3520,1,3039,2.08739,-4.44123
3521,1,3040,2.08739,-4.44123
3522,1,3041,2.08739,-4.44123
3523,1,3042,2.08739,-4.44123
3524,1,3043,2.08739,-4.44123
3525,1,3044,2.08739,-4.44123
3526,1,3045,2.08739,-4.44123
3527,1,3046,2.08739,-4.44123
3528,1,3047,2.08739,-4.44123
3529,1,3048,2.08739,-4.44123
3530,1,3049,2.08739,-4.44123
3531,1,3050,2.08739,-4.44123
3532,1,3051,2.08739,-4.44123
3533,1,3052,2.08739,-4.44123
3534,1,3053,2.08739,-4.44123
3535,1,3054,2.08739,-4.44123
3536,1,3055,2.08739,-4.44123
3537,1,3056,2.08739,-4.44123
3538,1,3057,2.0873,-4.44112
3539,1,3058,2.0873,-4.44112
3540,1,3059,2.0873,-4.44112
3541,1,3060,2.0873,-4.44112
3542,1,3061,2.0873,-4.44112
3543,1,3062,2.0873,-4.44112
3544,1,3063,2.0873,-4.44112
3545,1,3064,2.0873,-4.44112
3546,1,3065,2.0873,-4.44112
3547,1,3066,2.0873,-4.44112
3548,1,3067,2.0873,-4.44112
3549,1,3068,2.0873,-4.44112
3550,1,3069,2.0873,-4.44112
3551,1,3070,2.08726,-4.44103
3552,1,3071,2.08726,-4.44103
3553,1,3072,2.08726,-4.44103
3554,1,3073,2.08726,-4.44103
3555,1,3074,2.08726,-4.44103
3556,1,3075,2.08726,-4.44103
3557,1,3076,2.08726,-4.44103
3558,1,3077,2.08726,-4.44103
3559,1,3078,2.08726,-4.44103
3560,1,3079,2.08726,-4.44103
3561,1,3080,2.08726,-4.44103
3562,1,3081,2.08726,-4.44103
3563,1,3082,2.08726,-4.44103
3564,1,3083,2.08726,-4.44103
3565,1,3084,2.08735,-4.44112
3566,1,3085,2.08735,-4.44112
3567,1,3086,2.08735,-4.44112
3568,1,3087,2.08735,-4.44112
3569,1,3088,2.08735,-4.44112
3570,1,3089,2.08735,-4.44112
3571,1,3090,2.08735,-4.44112
3572,1,3091,2.08735,-4.44112
3573,1,3092,2.08735,-4.44112
3574,1,3093,2.08735,-4.44112
3575,1,3094,2.08735,-4.44112
3576,1,3095,2.08735,-4.44112
3577,1,3096,2.08735,-4.44112
3578,1,3097,2.08735,-4.44112
3579,1,3098,2.08735,-4.44112
3580,1,3099,2.08735,-4.44112
3581,1,3100,2.08735,-4.44112
3582,1,3101,2.08735,-4.44112
3583,1,3102,2.08735,-4.44112
3584,1,3103,2.08735,-4.44112
3585,1,3104,2.08735,-4.44112
3586,1,3105,2.08735,-4.44112
3587,1,3106,2.08735,-4.44112
3588,1,3107,2.08735,-4.44112
3589,1,3108,2.08735,-4.44112
3590,1,3109,2.08735,-4.44112
3591,1,3110,2.08735,-4.44112
3592,1,3111,2.08733,-4.441
3593,1,3112,2.08733,-4.441
3594,1,3113,2.08734,-4.44101
3595,1,3114,2.08734,-4.44101
3596,1,3115,2.08734,-4.44101
3597,1,3116,2.08734,-4.44101
3598,1,3117,2.08735,-4.44102
3599,1,3118,2.08735,-4.44102
3600,1,3119,2.08735,-4.44102
3601,1,3120,2.08735,-4.44102
3602,1,3121,2.08735,-4.44102
3603,1,3122,2.08735,-4.44102
3604,1,3123,2.08735,-4.44102
3605,1,3124,2.08735,-4.44102
3606,1,3125,2.08735,-4.44102
3607,1,3126,2.08735,-4.44102
3608,1,3127,2.08735,-4.44102
3609,1,3128,2.08735,-4.44102
3610,1,3129,2.08735,-4.44102
3611,1,3130,2.08735,-4.44102
3612,1,3131,2.08735,-4.44102
3613,1,3132,2.08741,-4.4411
3614,1,3133,2.08741,-4.4411
3615,1,3134,2.08741,-4.4411
3616,1,3135,2.08741,-4.4411
3617,1,3136,2.08741,-4.4411
3618,1,3137,2.08741,-4.4411
3619,1,3138,2.08741,-4.4411
3620,1,3139,2.08741,-4.4411
3621,1,3140,2.08741,-4.4411
3622,1,3141,2.08741,-4.4411
3623,1,3142,2.08741,-4.4411
3624,1,3143,2.08741,-4.4411
3625,1,3144,2.08741,-4.4411
3626,1,3145,2.08741,-4.4411
3627,1,3146,2.08741,-4.4411
3628,1,3147,2.08741,-4.4411
3629,1,3148,2.08741,-4.4411
3630,1,3149,2.08741,-4.4411
3631,1,3150,2.08741,-4.4411
3632,1,3151,2.08741,-4.4411
3633,1,3152,2.08741,-4.4411
3634,1,3153,2.08741,-4.4411
3635,1,3154,2.08741,-4.4411
3636,1,3155,2.08741,-4.4411
3637,1,3156,2.08741,-4.4411
3638,1,3157,2.08741,-4.4411
3639,1,3158,2.08741,-4.4411
3640,1,3159,2.08741,-4.4411
3641,1,3160,2.08741,-4.4411
3642,1,3161,2.08737,-4.44099
3643,1,3162,2.08737,-4.44099
3644,1,3163,2.08737,-4.44099
3645,1,3164,2.08737,-4.44099
3646,1,3165,2.08737,-4.44099
3647,1,3166,2.08737,-4.44099
3648,1,3167,2.08737,-4.44099
3649,1,3168,2.08737,-4.44099
3650,1,3169,2.08737,-4.44099
3651,1,3170,2.08737,-4.44099
3652,1,3171,2.08737,-4.44099
3653,1,3172,2.08737,-4.44099
3654,1,3173,2.08737,-4.44099
3655,1,3174,2.08737,-4.44099
3656,1,3175,2.08737,-4.44099
3657,1,3176,2.08737,-4.44099
3658,1,3177,2.08737,-4.44099
3659,1,3178,2.08737,-4.44099
3660,1,3179,2.08737,-4.44099
3661,1,3180,2.08737,-4.44099
3662,1,3181,2.08743,-4.44112
3663,1,3182,2.08743,-4.44112
3664,1,3183,2.08743,-4.44112
3665,1,3184,2.08743,-4.44112
3666,1,3185,2.08743,-4.44112
3667,1,3186,2.08743,-4.44112
3668,1,3187,2.08743,-4.44112
3669,1,3188,2.08743,-4.44112
3670,1,3189,2.08743,-4.44112
3671,1,3190,2.08743,-4.44112
3672,1,3191,2.08743,-4.44112
3673,1,3192,2.08743,-4.44112
3674,1,3193,2.08743,-4.44112
3675,1,3194,2.08743,-4.44111
3676,1,3195,2.08743,-4.44114
3677,1,3196,2.08743,-4.44114
3678,1,3197,2.08743,-4.44114
3679,1,3198,2.08743,-4.44114
3680,1,3199,2.08743,-4.44114
3681,1,3200,2.08743,-4.44114
3682,1,3201,2.08743,-4.44114
3683,1,3202,2.08743,-4.44114
3684,1,3203,2.08743,-4.44114
3685,1,3204,2.08743,-4.44114
3686,1,3205,2.08743,-4.44114
3687,1,3206,2.08743,-4.44114
3688,1,3207,2.08743,-4.44114
3689,1,3208,2.08743,-4.44114
3690,1,3209,2.08743,-4.44114
3691,1,3210,2.08743,-4.44114
3692,1,3211,2.08743,-4.44114
3693,1,3212,2.08743,-4.44114
3694,1,3213,2.08743,-4.44114
3695,1,3214,2.08743,-4.44114
3696,1,3215,2.0874,-4.44112
3697,1,3216,2.0874,-4.44112
3698,1,3217,2.08745,-4.44113
3699,1,3218,2.08745,-4.44113
3700,1,3219,2.08745,-4.44113
3701,1,3220,2.08745,-4.44113
3702,1,3221,2.08745,-4.44113
3703,1,3222,2.08745,-4.44113
3704,1,3223,2.08745,-4.44113
3705,1,3224,2.08745,-4.44113
3706,1,3225,2.08745,-4.44113
3707,1,3226,2.08745,-4.44113
3708,1,3227,2.08745,-4.44113
3709,1,3228,2.08745,-4.44113
3710,1,3229,2.08745,-4.44113
3711,1,3230,2.08745,-4.44113
3712,1,3231,2.08745,-4.44113
3713,1,3232,2.08745,-4.44113
3714,1,3233,2.08745,-4.44113
3715,1,3234,2.08745,-4.44113
3716,1,3235,2.08745,-4.44113
3717,1,3236,2.08745,-4.44113
3718,1,3237,2.08745,-4.44113
3719,1,3238,2.08745,-4.44113
3720,1,3239,2.08745,-4.44113
3721,1,3240,2.08745,-4.44113
3722,1,3241,2.08745,-4.44113
3723,1,3242,2.08745,-4.44113
3724,1,3243,2.08745,-4.44113
3725,1,3244,2.08745,-4.44113
3726,1,3245,2.08745,-4.44113
3727,1,3246,2.08745,-4.44113
3728,1,3247,2.08745,-4.44113
3729,1,3248,2.08745,-4.44113
3730,1,3249,2.08745,-4.44113
3731,1,3250,2.08745,-4.44113
3732,1,3251,2.08745,-4.44113
3733,1,3252,2.08742,-4.441
3734,1,3253,2.08742,-4.441
3735,1,3254,2.08742,-4.441
3736,1,3255,2.08742,-4.441
3737,1,3256,2.08742,-4.441
3738,1,3257,2.08742,-4.441
3739,1,3258,2.08742,-4.441
3740,1,3259,2.08742,-4.441
3741,1,3260,2.08742,-4.441
3742,1,3261,2.08742,-4.441
3743,1,3262,2.08742,-4.441
3744,1,3263,2.08742,-4.441
3745,1,3264,2.08742,-4.441
3746,1,3265,2.08742,-4.441
3747,1,3266,2.08742,-4.441
3748,1,3267,2.08742,-4.441
3749,1,3268,2.08742,-4.441
3750,1,3269,2.08742,-4.441
3751,1,3270,2.08742,-4.441
3752,1,3271,2.0875,-4.4411
3753,1,3272,2.0875,-4.4411
3754,1,3273,2.0875,-4.4411
3755,1,3274,2.0875,-4.4411
3756,1,3275,2.0875,-4.4411
3757,1,3276,2.0875,-4.4411
3758,1,3277,2.08754,-4.44122
3759,1,3278,2.08754,-4.44122
3760,1,3279,2.08754,-4.44122
3761,1,3280,2.08754,-4.44125
3762,1,3281,2.08754,-4.44125
3763,1,3282,2.08754,-4.44125
3764,1,3283,2.08754,-4.44125
3765,1,3284,2.08754,-4.44125
3766,1,3285,2.08754,-4.44125
3767,1,3286,2.08754,-4.44125
3768,1,3287,2.08754,-4.44125
3769,1,3288,2.08754,-4.44125
3770,1,3289,2.08754,-4.44125
3771,1,3290,2.08754,-4.44125
3772,1,3291,2.08754,-4.44125
3773,1,3292,2.08747,-4.44119
3774,1,3293,2.08747,-4.44119
3775,1,3294,2.08747,-4.44119
3776,1,3295,2.08747,-4.44119
3777,1,3296,2.08747,-4.44119
3778,1,3297,2.08747,-4.44119
3779,1,3298,2.08747,-4.44119
3780,1,3299,2.08747,-4.44119
3781,1,3300,2.08747,-4.44119
3782,1,3301,2.08747,-4.44119
3783,1,3302,2.08747,-4.44119
3784,1,3303,2.08747,-4.44119
3785,1,3304,2.08747,-4.44119
3786,1,3305,2.08747,-4.44119
3787,1,3306,2.08747,-4.44119
3788,1,3307,2.08747,-4.44119
3789,1,3308,2.08747,-4.44119
3790,1,3309,2.08747,-4.44119
3791,1,3310,2.08747,-4.44118
3792,1,3311,2.08748,-4.44118
3793,1,3312,2.08748,-4.44118
3794,1,3313,2.08748,-4.44118
3795,1,3314,2.08748,-4.44118
3796,1,3315,2.08748,-4.44122
3797,1,3316,2.08748,-4.44122
3798,1,3317,2.08748,-4.44122
3799,1,3318,2.08748,-4.44122
3800,1,3319,2.08748,-4.44122
3801,1,3320,2.08748,-4.44122
3802,1,3321,2.08748,-4.44122
3803,1,3322,2.08748,-4.44122
3804,1,3323,2.08749,-4.44121
3805,1,3324,2.08749,-4.44121
3806,1,3325,2.08749,-4.44121
3807,1,3326,2.08749,-4.44121
3808,1,3327,2.08749,-4.44121
3809,1,3328,2.08749,-4.44121
3810,1,3329,2.08749,-4.44121
3811,1,3330,2.08749,-4.44121
3812,1,3331,2.08749,-4.44121
3813,1,3332,2.08749,-4.44121
3814,1,3333,2.0875,-4.44119
3815,1,3334,2.0875,-4.44119
3816,1,3335,2.0875,-4.44119
3817,1,3336,2.0875,-4.44119
3818,1,3337,2.0875,-4.44119
3819,1,3338,2.0875,-4.44119
3820,1,3339,2.0875,-4.44119
3821,1,3340,2.0875,-4.44119
3822,1,3341,2.08752,-4.44122
3823,1,3342,2.08752,-4.44122
3824,1,3343,2.08752,-4.44122
3825,1,3344,2.08752,-4.44122
3826,1,3345,2.08752,-4.44122
3827,1,3346,2.08752,-4.44122
3828,1,3347,2.08752,-4.44122
3829,1,3348,2.08752,-4.44122
3830,1,3349,2.08752,-4.44122
3831,1,3350,2.08752,-4.44122
3832,1,3351,2.08752,-4.44122
3833,1,3352,2.08752,-4.44122
3834,1,3353,2.08752,-4.44122
3835,1,3354,2.08752,-4.44122
3836,1,3355,2.08752,-4.44122
3837,1,3356,2.08752,-4.44122
3838,1,3357,2.08752,-4.44122
3839,1,3358,2.08751,-4.44121
3840,1,3359,2.08751,-4.44121
3841,1,3360,2.08751,-4.44121
3842,1,3361,2.08752,-4.4412
3843,1,3362,2.08752,-4.4412
3844,1,3363,2.08752,-4.4412
3845,1,3364,2.08752,-4.4412
3846,1,3365,2.08752,-4.4412
3847,1,3366,2.08752,-4.4412
3848,1,3367,2.08752,-4.4412
3849,1,3368,2.08753,-4.44118
3850,1,3369,2.08753,-4.44118
3851,1,3370,2.08753,-4.44118
3852,1,3371,2.08753,-4.44118
3853,1,3372,2.08753,-4.44118
3854,1,3373,2.08753,-4.44118
3855,1,3374,2.08753,-4.44118
3856,1,3375,2.08753,-4.44118
3857,1,3376,2.08753,-4.44118
3858,1,3377,2.08753,-4.44118
3859,1,3378,2.08753,-4.44118
3860,1,3379,2.08751,-4.44115
3861,1,3380,2.08751,-4.44115
3862,1,3381,2.08752,-4.4412
3863,1,3382,2.08752,-4.4412
3864,1,3383,2.08752,-4.4412
3865,1,3384,2.08752,-4.4412
3866,1,3385,2.08752,-4.4412
3867,1,3386,2.08752,-4.4412
3868,1,3387,2.08752,-4.4412
3869,1,3388,2.08752,-4.4412
3870,1,3389,2.08752,-4.4412
3871,1,3390,2.08752,-4.44121
3872,1,3391,2.08752,-4.44121
3873,1,3392,2.08752,-4.44121
3874,1,3393,2.08752,-4.44121
3875,1,3394,2.08752,-4.44121
3876,1,3395,2.08754,-4.44122
3877,1,3396,2.08754,-4.44122
3878,1,3397,2.08754,-4.44122
3879,1,3398,2.08754,-4.44122
3880,1,3399,2.08754,-4.44122
3881,1,3400,2.08754,-4.44122
3882,1,3401,2.08754,-4.44122
3883,1,3402,2.08754,-4.44122
3884,1,3403,2.08754,-4.44122
3885,1,3404,2.08754,-4.44122
3886,1,3405,2.08754,-4.44122
3887,1,3406,2.08754,-4.44122
3888,1,3407,2.08754,-4.44122
3889,1,3408,2.08754,-4.44122
3890,1,3409,2.08754,-4.44122
3891,1,3410,2.08754,-4.44122
3892,1,3411,2.08754,-4.44122
3893,1,3412,2.08754,-4.44122
3894,1,3413,2.08754,-4.44122
3895,1,3414,2.08754,-4.44122
3896,1,3415,2.08754,-4.44122
3897,1,3416,2.08754,-4.44122
3898,1,3417,2.08754,-4.44122
3899,1,3418,2.08754,-4.44122
3900,1,3419,2.08755,-4.44125
3901,1,3420,2.08755,-4.44125
3902,1,3421,2.08755,-4.44125
3903,1,3422,2.08755,-4.44125
3904,1,3423,2.08755,-4.44125
3905,1,3424,2.08755,-4.44125
3906,1,3425,2.08755,-4.44125
3907,1,3426,2.08755,-4.44125
3908,1,3427,2.08755,-4.44125
3909,1,3428,2.08755,-4.44125
3910,1,3429,2.08755,-4.44125
3911,1,3430,2.08755,-4.44125
3912,1,3431,2.08755,-4.44125
3913,1,3432,2.08755,-4.44125
3914,1,3433,2.08755,-4.44125
3915,1,3434,2.08748,-4.4412
3916,1,3435,2.08748,-4.4412
3917,1,3436,2.08748,-4.4412
3918,1,3437,2.08748,-4.4412
3919,1,3438,2.08748,-4.4412
3920,1,3439,2.08748,-4.4412
3921,1,3440,2.08748,-4.4412
3922,1,3441,2.08748,-4.4412
3923,1,3442,2.08748,-4.4412
3924,1,3443,2.08748,-4.4412
3925,1,3444,2.08748,-4.4412
3926,1,3445,2.08748,-4.4412
3927,1,3446,2.08748,-4.4412
3928,1,3447,2.08748,-4.4412
3929,1,3448,2.08748,-4.4412
3930,1,3449,2.08748,-4.4412
3931,1,3450,2.08748,-4.4412
3932,1,3451,2.08748,-4.4412
3933,1,3452,2.08747,-4.44119
3934,1,3453,2.08747,-4.44118
3935,1,3454,2.08747,-4.44118
3936,1,3455,2.08747,-4.44118
3937,1,3456,2.08747,-4.44118
3938,1,3457,2.08747,-4.44118
3939,1,3458,2.08747,-4.44118
3940,1,3459,2.08747,-4.44118
3941,1,3460,2.08747,-4.44117
3942,1,3461,2.08747,-4.44117
3943,1,3462,2.08747,-4.44117
3944,1,3463,2.08747,-4.44117
3945,1,3464,2.08747,-4.44117
3946,1,3465,2.08747,-4.44117
3947,1,3466,2.08747,-4.44117
3948,1,3467,2.08747,-4.44117
3949,1,3468,2.08747,-4.44117
3950,1,3469,2.08747,-4.44117
3951,1,3470,2.08747,-4.44117
3952,1,3471,2.08747,-4.44117
3953,1,3472,2.08747,-4.44113
3954,1,3473,2.08747,-4.44113
3955,1,3474,2.08747,-4.44113
3956,1,3475,2.08747,-4.44117
3957,1,3476,2.08747,-4.44117
3958,1,3477,2.08747,-4.44117
3959,1,3478,2.08747,-4.44117
3960,1,3479,2.08747,-4.44117
3961,1,3480,2.08747,-4.44117
3962,1,3481,2.08747,-4.44117
3963,1,3482,2.08747,-4.44117
3964,1,3483,2.08747,-4.44117
3965,1,3484,2.08747,-4.44117
3966,1,3485,2.08747,-4.44117
3967,1,3486,2.08747,-4.44117
3968,1,3487,2.08747,-4.44117
3969,1,3488,2.08746,-4.44117
3970,1,3489,2.08747,-4.44118
3971,1,3490,2.08747,-4.44118
3972,1,3491,2.08747,-4.44118
3973,1,3492,2.08747,-4.44118
3974,1,3493,2.08747,-4.44118
3975,1,3494,2.08747,-4.44118
3976,1,3495,2.08747,-4.44118
3977,1,3496,2.08747,-4.44118
3978,1,3497,2.08747,-4.44118
3979,1,3498,2.08747,-4.44118
3980,1,3499,2.08747,-4.44118
3981,1,3500,2.08747,-4.44118
3982,1,3501,2.08747,-4.44118
3983,1,3502,2.08747,-4.44118
3984,1,3503,2.08747,-4.44118
3985,1,3504,2.08747,-4.44118
3986,1,3505,2.08747,-4.44118
3987,1,3506,2.08747,-4.44118
3988,1,3507,2.08747,-4.44118
3989,1,3508,2.08747,-4.44118
3990,1,3509,2.08747,-4.44118
3991,1,3510,2.08747,-4.44118
3992,1,3511,2.08747,-4.44118
3993,1,3512,2.08747,-4.44118
3994,1,3513,2.08747,-4.44118
3995,1,3514,2.08747,-4.44118
3996,1,3515,2.08747,-4.44118
3997,1,3516,2.08747,-4.44118
3998,1,3517,2.08747,-4.44118
3999,1,3518,2.08747,-4.44112
4000,1,3519,2.08747,-4.44113
4001,1,3520,2.08747,-4.44113
4002,1,3521,2.08747,-4.44118
4003,1,3522,2.08747,-4.44118
4004,1,3523,2.08747,-4.44118
4005,1,3524,2.08747,-4.44118
4006,1,3525,2.08747,-4.44118
4007,1,3526,2.08747,-4.44118
4008,1,3527,2.08747,-4.44118
4009,1,3528,2.08747,-4.44118
4010,1,3529,2.08747,-4.44118
4011,1,3530,2.08747,-4.44118
4012,1,3531,2.08747,-4.44118
4013,1,3532,2.08747,-4.44118
4014,1,3533,2.08747,-4.44118
4015,1,3534,2.08747,-4.44118
4016,1,3535,2.08748,-4.44119
4017,1,3536,2.08748,-4.44119
4018,1,3537,2.08748,-4.44119
4019,1,3538,2.08748,-4.44119
4020,1,3539,2.08748,-4.44119
4021,1,3540,2.08748,-4.44119
4022,1,3541,2.08748,-4.44119
4023,1,3542,2.08748,-4.44119
4024,1,3543,2.08748,-4.44119
4025,1,3544,2.08748,-4.44119
4026,1,3545,2.08751,-4.44119
4027,1,3546,2.08751,-4.44119
4028,1,3547,2.08751,-4.44119
4029,1,3548,2.08751,-4.44119
4030,1,3549,2.08751,-4.44119
4031,1,3550,2.08751,-4.44119
4032,1,3551,2.08751,-4.44119
4033,1,3552,2.08751,-4.44119
4034,1,3553,2.08751,-4.44119
4035,1,3554,2.08751,-4.44119
4036,1,3555,2.08751,-4.44119
4037,1,3556,2.08751,-4.44119
4038,1,3557,2.08751,-4.44119
4039,1,3558,2.08751,-4.44119
4040,1,3559,2.08751,-4.44115
4041,1,3560,2.08751,-4.44115
4042,1,3561,2.08751,-4.44115
4043,1,3562,2.08751,-4.44115
4044,1,3563,2.08751,-4.44115
4045,1,3564,2.08751,-4.44115
4046,1,3565,2.08751,-4.44115
4047,1,3566,2.08751,-4.44115
4048,1,3567,2.08751,-4.44115
4049,1,3568,2.08751,-4.44115
4050,1,3569,2.08751,-4.44115
4051,1,3570,2.08751,-4.44115
4052,1,3571,2.08751,-4.44115
4053,1,3572,2.08751,-4.44115
4054,1,3573,2.08751,-4.44115
4055,1,3574,2.08751,-4.44115
4056,1,3575,2.08751,-4.44115
4057,1,3576,2.08751,-4.44115
4058,1,3577,2.08751,-4.44115
4059,1,3578,2.08751,-4.44115
4060,1,3579,2.08751,-4.44115
4061,1,3580,2.08751,-4.44115
4062,1,3581,2.08751,-4.44115
4063,1,3582,2.08751,-4.44115
4064,1,3583,2.08751,-4.44115
4065,1,3584,2.08751,-4.44115
4066,1,3585,2.08751,-4.44115
4067,1,3586,2.08751,-4.44115
4068,1,3587,2.08751,-4.44115
4069,1,3588,2.08751,-4.44116
4070,1,3589,2.08751,-4.44116
4071,1,3590,2.08751,-4.44116
4072,1,3591,2.08751,-4.44116
4073,1,3592,2.08751,-4.44116
4074,1,3593,2.08751,-4.44116
4075,1,3594,2.08751,-4.44116
4076,1,3595,2.08751,-4.44116
4077,1,3596,2.08751,-4.44116
4078,1,3597,2.08751,-4.44116
4079,1,3598,2.08751,-4.44116
4080,1,3599,2.08751,-4.44116
4081,1,3600,2.08751,-4.44116
4082,1,3601,2.08751,-4.44116
4083,1,3602,2.08751,-4.44116
4084,1,3603,2.08752,-4.44114
4085,1,3604,2.08752,-4.44114
4086,1,3605,2.08752,-4.44114
4087,1,3606,2.08752,-4.44114
4088,1,3607,2.08752,-4.44114
4089,1,3608,2.08752,-4.44114
4090,1,3609,2.08752,-4.44114
4091,1,3610,2.08752,-4.44114
4092,1,3611,2.08752,-4.44114
4093,1,3612,2.08752,-4.44114
4094,1,3613,2.08752,-4.44114
4095,1,3614,2.08752,-4.44114
4096,1,3615,2.08752,-4.44114
4097,1,3616,2.08752,-4.44114
4098,1,3617,2.08752,-4.44114
4099,1,3618,2.08752,-4.44114
4100,1,3619,2.08752,-4.44114
4101,1,3620,2.08752,-4.44114
4102,1,3621,2.08752,-4.44114
4103,1,3622,2.08752,-4.44114
4104,1,3623,2.08752,-4.44114
4105,1,3624,2.08752,-4.44114
4106,1,3625,2.08751,-4.44119
4107,1,3626,2.08751,-4.44119
4108,1,3627,2.08751,-4.44119
4109,1,3628,2.08753,-4.4412
4110,1,3629,2.08753,-4.4412
4111,1,3630,2.08753,-4.4412
4112,1,3631,2.08753,-4.4412
4113,1,3632,2.08753,-4.4412
4114,1,3633,2.08753,-4.4412
4115,1,3634,2.08753,-4.4412
4116,1,3635,2.08753,-4.4412
4117,1,3636,2.08753,-4.4412
4118,1,3637,2.08753,-4.4412
4119,1,3638,2.08753,-4.4412
4120,1,3639,2.08753,-4.4412
4121,1,3640,2.08753,-4.4412
4122,1,3641,2.08753,-4.4412
4123,1,3642,2.08753,-4.4412
4124,1,3643,2.08753,-4.4412
4125,1,3644,2.08753,-4.4412
4126,1,3645,2.08753,-4.4412
4127,1,3646,2.08753,-4.4412
4128,1,3647,2.08753,-4.4412
4129,1,3648,2.08753,-4.4412
4130,1,3649,2.08753,-4.4412
4131,1,3650,2.08753,-4.4412
4132,1,3651,2.08753,-4.4412
4133,1,3652,2.08753,-4.4412
4134,1,3653,2.08753,-4.4412
4135,1,3654,2.08753,-4.4412
4136,1,3655,2.08751,-4.44121
4137,1,3656,2.08752,-4.4412
4138,1,3657,2.08752,-4.4412
4139,1,3658,2.08752,-4.4412
4140,1,3659,2.08752,-4.4412
4141,1,3660,2.08752,-4.4412
4142,1,3661,2.08752,-4.4412
4143,1,3662,2.08752,-4.4412
4144,1,3663,2.08752,-4.4412
4145,1,3664,2.08752,-4.4412
4146,1,3665,2.08752,-4.4412
4147,1,3666,2.08752,-4.4412
4148,1,3667,2.08752,-4.4412
4149,1,3668,2.08751,-4.4412
4150,1,3669,2.08751,-4.4412
4151,1,3670,2.08751,-4.4412
4152,1,3671,2.08751,-4.4412
4153,1,3672,2.08751,-4.4412
4154,1,3673,2.08751,-4.4412
4155,1,3674,2.08752,-4.44121
4156,1,3675,2.08752,-4.44121
4157,1,3676,2.08752,-4.44121
4158,1,3677,2.08752,-4.44121
4159,1,3678,2.08752,-4.44121
4160,1,3679,2.08752,-4.44121
4161,1,3680,2.08752,-4.44121
4162,1,3681,2.08751,-4.44115
4163,1,3682,2.08752,-4.44115
4164,1,3683,2.08752,-4.44115
4165,1,3684,2.08756,-4.44116
4166,1,3685,2.08756,-4.44116
4167,1,3686,2.08756,-4.44116
4168,1,3687,2.08756,-4.44116
4169,1,3688,2.08756,-4.44116
4170,1,3689,2.08756,-4.44116
4171,1,3690,2.08756,-4.44116
4172,1,3691,2.08756,-4.44116
4173,1,3692,2.08756,-4.44116
4174,1,3693,2.08756,-4.44116
4175,1,3694,2.08756,-4.44116
4176,1,3695,2.08756,-4.44116
4177,1,3696,2.08756,-4.44116
4178,1,3697,2.08756,-4.44116
4179,1,3698,2.08756,-4.44116
4180,1,3699,2.08756,-4.44116
4181,1,3700,2.08756,-4.44116
4182,1,3701,2.08756,-4.44116
4183,1,3702,2.08756,-4.44116
4184,1,3703,2.08756,-4.44116
4185,1,3704,2.08756,-4.44116
4186,1,3705,2.08756,-4.44116
4187,1,3706,2.08756,-4.44116
4188,1,3707,2.08756,-4.44116
4189,1,3708,2.08756,-4.44117
4190,1,3709,2.08756,-4.44117
4191,1,3710,2.08756,-4.44117
4192,1,3711,2.08756,-4.44117
4193,1,3712,2.08756,-4.44118
4194,1,3713,2.08756,-4.44118
4195,1,3714,2.08756,-4.44118
4196,1,3715,2.08756,-4.44118
4197,1,3716,2.08756,-4.44118
4198,1,3717,2.08756,-4.44118
4199,1,3718,2.08756,-4.44118
4200,1,3719,2.08756,-4.44118
4201,1,3720,2.08756,-4.44118
4202,1,3721,2.08756,-4.44118
4203,1,3722,2.08756,-4.44118
4204,1,3723,2.08756,-4.44118
4205,1,3724,2.08756,-4.44118
4206,1,3725,2.08756,-4.44118
4207,1,3726,2.08756,-4.44118
4208,1,3727,2.08756,-4.44118
4209,1,3728,2.08756,-4.44113
4210,1,3729,2.08756,-4.44113
4211,1,3730,2.08756,-4.44113
4212,1,3731,2.08758,-4.44113
4213,1,3732,2.08758,-4.44113
4214,1,3733,2.08757,-4.44112
4215,1,3734,2.08757,-4.44111
4216,1,3735,2.08757,-4.44111
4217,1,3736,2.08757,-4.44111
4218,1,3737,2.08757,-4.44111
4219,1,3738,2.08757,-4.44111
4220,1,3739,2.08757,-4.44111
4221,1,3740,2.08757,-4.44111
4222,1,3741,2.08757,-4.44111
4223,1,3742,2.08757,-4.44111
4224,1,3743,2.08757,-4.44111
4225,1,3744,2.08757,-4.44111
4226,1,3745,2.08757,-4.44111
4227,1,3746,2.08757,-4.44111
4228,1,3747,2.08757,-4.44111
4229,1,3748,2.08757,-4.44111
4230,1,3749,2.08757,-4.44111
4231,1,3750,2.08757,-4.44111
4232,1,3751,2.08757,-4.44111
4233,1,3752,2.08757,-4.44105
4234,1,3753,2.08757,-4.44106
4235,1,3754,2.08757,-4.44106
4236,1,3755,2.08758,-4.44112
4237,1,3756,2.08758,-4.44112
4238,1,3757,2.08758,-4.44112
4239,1,3758,2.08758,-4.44112
4240,1,3759,2.08758,-4.44112
4241,1,3760,2.08758,-4.44112
4242,1,3761,2.08758,-4.44112
4243,1,3762,2.08758,-4.44112
4244,1,3763,2.08757,-4.44111
4245,1,3764,2.08757,-4.44112
4246,1,3765,2.08759,-4.44113
4247,1,3766,2.08759,-4.44113
4248,1,3767,2.08759,-4.44113
4249,1,3768,2.08759,-4.44113
4250,1,3769,2.08759,-4.44113
4251,1,3770,2.08759,-4.44113
4252,1,3771,2.08759,-4.44113
4253,1,3772,2.08759,-4.44113
4254,1,3773,2.08759,-4.44113
4255,1,3774,2.08759,-4.44113
4256,1,3775,2.08759,-4.44113
4257,1,3776,2.08759,-4.44113
4258,1,3777,2.08759,-4.44113
4259,1,3778,2.08759,-4.44113
4260,1,3779,2.08759,-4.44113
4261,1,3780,2.08759,-4.44113
4262,1,3781,2.08759,-4.44113
4263,1,3782,2.08759,-4.44113
4264,1,3783,2.08759,-4.44113
4265,1,3784,2.08759,-4.44113
4266,1,3785,2.08759,-4.44113
4267,1,3786,2.08759,-4.44113
4268,1,3787,2.08759,-4.44113
4269,1,3788,2.08759,-4.44113
4270,1,3789,2.08759,-4.44113
4271,1,3790,2.08759,-4.44113
4272,1,3791,2.08759,-4.44113
4273,1,3792,2.08758,-4.44114
4274,1,3793,2.08758,-4.44114
4275,1,3794,2.08758,-4.44114
4276,1,3795,2.08758,-4.44114
4277,1,3796,2.08758,-4.44114
4278,1,3797,2.08758,-4.44114
4279,1,3798,2.08758,-4.44114
4280,1,3799,2.08758,-4.44114
4281,1,3800,2.08758,-4.44114
4282,1,3801,2.08758,-4.44114
4283,1,3802,2.08758,-4.44114
4284,1,3803,2.08758,-4.44114
4285,1,3804,2.08758,-4.44114
4286,1,3805,2.08758,-4.44114
4287,1,3806,2.08758,-4.44114
4288,1,3807,2.08758,-4.44114
4289,1,3808,2.08758,-4.44114
4290,1,3809,2.08758,-4.44114
4291,1,3810,2.08758,-4.44114
4292,1,3811,2.08758,-4.44114
4293,1,3812,2.08758,-4.44114
4294,1,3813,2.08758,-4.44114
4295,1,3814,2.08758,-4.44114
4296,1,3815,2.08759,-4.44115
4297,1,3816,2.08759,-4.44115
4298,1,3817,2.08759,-4.44115
4299,1,3818,2.08759,-4.44115
4300,1,3819,2.08759,-4.44115
4301,1,3820,2.08759,-4.44115
4302,1,3821,2.08759,-4.44115
4303,1,3822,2.08759,-4.44115
4304,1,3823,2.08759,-4.44115
4305,1,3824,2.08759,-4.44115
4306,1,3825,2.08759,-4.44115
4307,1,3826,2.08759,-4.44115
4308,1,3827,2.08758,-4.44117
4309,1,3828,2.08758,-4.44117
4310,1,3829,2.08758,-4.44117
4311,1,3830,2.08758,-4.44117
4312,1,3831,2.08758,-4.44117
4313,1,3832,2.08758,-4.44117
4314,1,3833,2.08759,-4.44117
4315,1,3834,2.08759,-4.44116
4316,1,3835,2.08759,-4.44115
4317,1,3836,2.08759,-4.44115
4318,1,3837,2.08759,-4.44115
4319,1,3838,2.08759,-4.44115
4320,1,3839,2.08759,-4.44115
4321,1,3840,2.08759,-4.44115
4322,1,3841,2.08759,-4.44115
4323,1,3842,2.08759,-4.44116
4324,1,3843,2.08759,-4.44116
4325,1,3844,2.08759,-4.44116
4326,1,3845,2.08759,-4.44116
4327,1,3846,2.08759,-4.44116
4328,1,3847,2.08759,-4.44116
4329,1,3848,2.08759,-4.44116
4330,1,3849,2.08759,-4.44116
4331,1,3850,2.08759,-4.44116
4332,1,3851,2.08759,-4.44116
4333,1,3852,2.08759,-4.44116
4334,1,3853,2.08759,-4.44116
4335,1,3854,2.08759,-4.44116
4336,1,3855,2.08759,-4.44116
4337,1,3856,2.08759,-4.44116
4338,1,3857,2.08759,-4.44116
4339,1,3858,2.08759,-4.44116
4340,1,3859,2.08759,-4.44116
4341,1,3860,2.08759,-4.44116
4342,1,3861,2.08759,-4.44116
4343,1,3862,2.08759,-4.44116
4344,1,3863,2.08759,-4.44116
4345,1,3864,2.08759,-4.44116
4346,1,3865,2.08759,-4.44116
4347,1,3866,2.08759,-4.44116
4348,1,3867,2.08759,-4.44116
4349,1,3868,2.08759,-4.44116
4350,1,3869,2.08758,-4.44116
4351,1,3870,2.08758,-4.44116
4352,1,3871,2.0876,-4.44116
4353,1,3872,2.0876,-4.44116
4354,1,3873,2.0876,-4.44116
4355,1,3874,2.0876,-4.44116
4356,1,3875,2.0876,-4.44116
4357,1,3876,2.0876,-4.44116
4358,1,3877,2.0876,-4.44116
4359,1,3878,2.0876,-4.44116
4360,1,3879,2.0876,-4.44116
4361,1,3880,2.08761,-4.44116
4362,1,3881,2.08761,-4.44116
4363,1,3882,2.08761,-4.44116
4364,1,3883,2.08761,-4.44116
4365,1,3884,2.08761,-4.44116
4366,1,3885,2.08761,-4.44116
4367,1,3886,2.08761,-4.44116
4368,1,3887,2.08761,-4.44116
4369,1,3888,2.08761,-4.44116
4370,1,3889,2.08761,-4.44116
4371,1,3890,2.08761,-4.44116
4372,1,3891,2.08761,-4.44116
4373,1,3892,2.08761,-4.44116
4374,1,3893,2.08761,-4.44116
4375,1,3894,2.08761,-4.44115
4376,1,3895,2.08761,-4.44115
4377,1,3896,2.08761,-4.44115
4378,1,3897,2.08761,-4.44116
4379,1,3898,2.08761,-4.44116
4380,1,3899,2.08762,-4.44118
4381,1,3900,2.08762,-4.44118
4382,1,3901,2.08762,-4.44118
4383,1,3902,2.08762,-4.44118
4384,1,3903,2.08762,-4.44118
4385,1,3904,2.08762,-4.44118
4386,1,3905,2.08762,-4.44118
4387,1,3906,2.08762,-4.44118
4388,1,3907,2.08762,-4.44118
4389,1,3908,2.08762,-4.44118
4390,1,3909,2.08763,-4.44119
4391,1,3910,2.08763,-4.44119
4392,1,3911,2.08763,-4.44119
4393,1,3912,2.08761,-4.4412
4394,1,3913,2.08761,-4.4412
4395,1,3914,2.08761,-4.4412
4396,1,3915,2.08761,-4.4412
4397,1,3916,2.08762,-4.4412
4398,1,3917,2.08762,-4.4412
4399,1,3918,2.08762,-4.4412
4400,1,3919,2.08762,-4.4412
4401,1,3920,2.08762,-4.4412
4402,1,3921,2.08762,-4.4412
4403,1,3922,2.08762,-4.4412
4404,1,3923,2.08762,-4.4412
4405,1,3924,2.08762,-4.4412
4406,1,3925,2.08762,-4.4412
4407,1,3926,2.08762,-4.4412
4408,1,3927,2.08762,-4.44119
4409,1,3928,2.08762,-4.44119
4410,1,3929,2.08762,-4.44119
4411,1,3930,2.08762,-4.44119
4412,1,3931,2.08762,-4.44119
4413,1,3932,2.08762,-4.44119
4414,1,3933,2.08762,-4.44119
4415,1,3934,2.08762,-4.44119
4416,1,3935,2.08761,-4.44122
4417,1,3936,2.08761,-4.44121
4418,1,3937,2.08761,-4.44121
4419,1,3938,2.08761,-4.44121
4420,1,3939,2.08761,-4.44121
4421,1,3940,2.08761,-4.44121
4422,1,3941,2.08761,-4.44121
4423,1,3942,2.08761,-4.44121
4424,1,3943,2.08761,-4.44121
4425,1,3944,2.08761,-4.44121
4426,1,3945,2.08761,-4.44121
4427,1,3946,2.08761,-4.44121
4428,1,3947,2.08759,-4.44119
4429,1,3948,2.0876,-4.4412
4430,1,3949,2.0876,-4.4412
4431,1,3950,2.0876,-4.4412
4432,1,3951,2.0876,-4.4412
4433,1,3952,2.0876,-4.4412
4434,1,3953,2.0876,-4.4412
4435,1,3954,2.0876,-4.4412
4436,1,3955,2.0876,-4.4412
4437,1,3956,2.0876,-4.4412
4438,1,3957,2.0876,-4.4412
4439,1,3958,2.0876,-4.4412
4440,1,3959,2.0876,-4.4412
4441,1,3960,2.0876,-4.4412
4442,1,3961,2.0876,-4.4412
4443,1,3962,2.0876,-4.4412
4444,1,3963,2.0876,-4.4412
4445,1,3964,2.0876,-4.4412
4446,1,3965,2.0876,-4.4412
4447,1,3966,2.0876,-4.44119
4448,1,3967,2.0876,-4.44119
4449,1,3968,2.0876,-4.44119
4450,1,3969,2.0876,-4.44119
4451,1,3970,2.08761,-4.44119
4452,1,3971,2.08761,-4.44119
4453,1,3972,2.08761,-4.44119
4454,1,3973,2.08761,-4.44119
4455,1,3974,2.08761,-4.44119
4456,1,3975,2.08761,-4.44119
4457,1,3976,2.08761,-4.44118
4458,1,3977,2.08761,-4.44118
4459,1,3978,2.08761,-4.44118
4460,1,3979,2.08761,-4.44118
4461,1,3980,2.08761,-4.44118
4462,1,3981,2.08761,-4.44118
4463,1,3982,2.08761,-4.44118
4464,1,3983,2.08761,-4.44118
4465,1,3984,2.08761,-4.44118
4466,1,3985,2.08761,-4.44118
4467,1,3986,2.08761,-4.44118
4468,1,3987,2.08761,-4.44118
4469,1,3988,2.08761,-4.44118
4470,1,3989,2.08761,-4.44118
4471,1,3990,2.08761,-4.44118
4472,1,3991,2.08761,-4.44118
4473,1,3992,2.08761,-4.44118
4474,1,3993,2.08761,-4.44118
4475,1,3994,2.08761,-4.44118
4476,1,3995,2.08761,-4.44118
4477,1,3996,2.08761,-4.44118
4478,1,3997,2.08761,-4.44118
4479,1,3998,2.08761,-4.44118
4480,1,3999,2.08761,-4.44118
4481,1,4000,2.08761,-4.44118
4482,1,4001,2.08761,-4.44118
4483,1,4002,2.08761,-4.44118
4484,1,4003,2.08761,-4.44119
4485,1,4004,2.08761,-4.44119
4486,1,4005,2.08761,-4.44119
4487,1,4006,2.08761,-4.44119
4488,1,4007,2.08761,-4.44119
4489,1,4008,2.08761,-4.44119
4490,1,4009,2.08762,-4.44119
4491,1,4010,2.08762,-4.44119
4492,1,4011,2.08762,-4.44119
4493,1,4012,2.08762,-4.44119
4494,1,4013,2.08762,-4.44119
4495,1,4014,2.08762,-4.44119
4496,1,4015,2.08762,-4.44119
4497,1,4016,2.08762,-4.44119
4498,1,4017,2.08762,-4.44119
4499,1,4018,2.08762,-4.44119
4500,1,4019,2.08762,-4.44119
4501,1,4020,2.08762,-4.44119
4502,1,4021,2.08762,-4.44119
4503,1,4022,2.08762,-4.44119
4504,1,4023,2.08762,-4.44119
4505,1,4024,2.08762,-4.44119
4506,1,4025,2.08762,-4.44119
4507,1,4026,2.08764,-4.44118
4508,1,4027,2.08764,-4.44118
4509,1,4028,2.08764,-4.44118
4510,1,4029,2.08764,-4.44118
4511,1,4030,2.08764,-4.44118
4512,1,4031,2.08764,-4.44118
4513,1,4032,2.08764,-4.44118
4514,1,4033,2.08764,-4.44118
4515,1,4034,2.08764,-4.44118
4516,1,4035,2.08764,-4.44118
4517,1,4036,2.08764,-4.44118
4518,1,4037,2.08764,-4.44118
4519,1,4038,2.08764,-4.44118
4520,1,4039,2.08764,-4.44118
4521,1,4040,2.08764,-4.44118
4522,1,4041,2.08764,-4.44118
4523,1,4042,2.08764,-4.44118
4524,1,4043,2.08764,-4.44118
4525,1,4044,2.08764,-4.44118
4526,1,4045,2.08764,-4.44118
4527,1,4046,2.08764,-4.44118
4528,1,4047,2.08764,-4.44118
4529,1,4048,2.08764,-4.44118
4530,1,4049,2.08764,-4.44118
4531,1,4050,2.08764,-4.44118
4532,1,4051,2.08764,-4.44118
4533,1,4052,2.08764,-4.44118
4534,1,4053,2.08763,-4.44118
4535,1,4054,2.08763,-4.44118
4536,1,4055,2.08763,-4.44118
4537,1,4056,2.08763,-4.44118
4538,1,4057,2.08763,-4.44118
4539,1,4058,2.08763,-4.44118
4540,1,4059,2.08763,-4.44118
4541,1,4060,2.08763,-4.44118
4542,1,4061,2.08763,-4.44118
4543,1,4062,2.08763,-4.44118
4544,1,4063,2.08763,-4.44118
4545,1,4064,2.08763,-4.44118
4546,1,4065,2.08763,-4.44118
4547,1,4066,2.08763,-4.44118
4548,1,4067,2.08763,-4.44118
4549,1,4068,2.08763,-4.44122
4550,1,4069,2.08763,-4.44122
4551,1,4070,2.08763,-4.44122
4552,1,4071,2.08763,-4.44122
4553,1,4072,2.08763,-4.44122
4554,1,4073,2.08763,-4.44122
4555,1,4074,2.08763,-4.44122
4556,1,4075,2.08763,-4.44122
4557,1,4076,2.08763,-4.44122
4558,1,4077,2.08763,-4.44122
4559,1,4078,2.08763,-4.44122
4560,1,4079,2.08763,-4.44122
4561,1,4080,2.08763,-4.44122
4562,1,4081,2.08763,-4.44122
4563,1,4082,2.08763,-4.44122
4564,1,4083,2.08763,-4.44122
4565,1,4084,2.08763,-4.44122
4566,1,4085,2.08763,-4.44122
4567,1,4086,2.08763,-4.44122
4568,1,4087,2.08761,-4.44123
4569,1,4088,2.08761,-4.44123
4570,1,4089,2.08761,-4.44123
4571,1,4090,2.08761,-4.44123
4572,1,4091,2.08761,-4.44123
4573,1,4092,2.08759,-4.44115
4574,1,4093,2.08759,-4.44115
4575,1,4094,2.08759,-4.44115
4576,1,4095,2.08759,-4.44115
4577,1,4096,2.08759,-4.44115
4578,1,4097,2.08759,-4.44115
4579,1,4098,2.08759,-4.44115
4580,1,4099,2.08759,-4.44115
4581,1,4100,2.08759,-4.44115
4582,1,4101,2.08759,-4.44115
4583,1,4102,2.08758,-4.44111
4584,1,4103,2.08758,-4.44111
4585,1,4104,2.08758,-4.44111
4586,1,4105,2.08761,-4.44111
4587,1,4106,2.08761,-4.44111
4588,1,4107,2.08761,-4.44111
4589,1,4108,2.08761,-4.44111
4590,1,4109,2.08761,-4.44111
4591,1,4110,2.08761,-4.44111
4592,1,4111,2.08761,-4.44111
4593,1,4112,2.08761,-4.44111
4594,1,4113,2.08761,-4.44111
4595,1,4114,2.08761,-4.44111
4596,1,4115,2.08761,-4.44111
4597,1,4116,2.08761,-4.44111
4598,1,4117,2.08761,-4.44111
4599,1,4118,2.08761,-4.44111
4600,1,4119,2.08761,-4.44111
4601,1,4120,2.08761,-4.44111
4602,1,4121,2.08761,-4.44111
4603,1,4122,2.08761,-4.44111
4604,1,4123,2.08761,-4.44114
4605,1,4124,2.08761,-4.44114
4606,1,4125,2.08761,-4.44114
4607,1,4126,2.08761,-4.44114
4608,1,4127,2.08761,-4.44114
4609,1,4128,2.08761,-4.44114
4610,1,4129,2.08761,-4.44114
4611,1,4130,2.08761,-4.44114
4612,1,4131,2.08761,-4.44114
4613,1,4132,2.08761,-4.44114
4614,1,4133,2.0876,-4.44115
4615,1,4134,2.0876,-4.44114
4616,1,4135,2.0876,-4.44114
4617,1,4136,2.08761,-4.44115
4618,1,4137,2.08761,-4.44115
4619,1,4138,2.08761,-4.44115
4620,1,4139,2.08761,-4.44115
4621,1,4140,2.08761,-4.44115
4622,1,4141,2.08761,-4.44115
4623,1,4142,2.08761,-4.44115
4624,1,4143,2.08761,-4.44116
4625,1,4144,2.08761,-4.44116
4626,1,4145,2.08762,-4.44109
4627,1,4146,2.08762,-4.44109
4628,1,4147,2.08762,-4.44109
4629,1,4148,2.08766,-4.4411
4630,1,4149,2.08766,-4.4411
4631,1,4150,2.08766,-4.44109
4632,1,4151,2.08766,-4.44109
4633,1,4152,2.08766,-4.44109
4634,1,4153,2.08767,-4.44109
4635,1,4154,2.08767,-4.44109
4636,1,4155,2.08767,-4.44109
4637,1,4156,2.08767,-4.44109
4638,1,4157,2.08767,-4.44109
4639,1,4158,2.08767,-4.44109
4640,1,4159,2.08767,-4.44109
4641,1,4160,2.08767,-4.44109
4642,1,4161,2.08767,-4.44109
4643,1,4162,2.08767,-4.44109
4644,1,4163,2.08767,-4.44109
4645,1,4164,2.08767,-4.44109
4646,1,4165,2.08767,-4.44109
4647,1,4166,2.08767,-4.44109
4648,1,4167,2.08767,-4.44109
4649,1,4168,2.08767,-4.44109
4650,1,4169,2.08767,-4.44109
4651,1,4170,2.08767,-4.44109
4652,1,4171,2.08767,-4.44109
4653,1,4172,2.08767,-4.44109
4654,1,4173,2.08767,-4.44109
4655,1,4174,2.08767,-4.44104
4656,1,4175,2.08767,-4.44105
4657,1,4176,2.08767,-4.44109
4658,1,4177,2.08767,-4.44109
4659,1,4178,2.08767,-4.44109
4660,1,4179,2.08767,-4.44109
4661,1,4180,2.08767,-4.44109
4662,1,4181,2.08767,-4.44109
4663,1,4182,2.08767,-4.44109
4664,1,4183,2.08767,-4.44109
4665,1,4184,2.08767,-4.44109
4666,1,4185,2.08767,-4.44109
4667,1,4186,2.08767,-4.44109
4668,1,4187,2.08767,-4.44109
4669,1,4188,2.08767,-4.44109
4670,1,4189,2.08767,-4.44109
4671,1,4190,2.08767,-4.44109
4672,1,4191,2.08767,-4.44109
4673,1,4192,2.08767,-4.44109
4674,1,4193,2.08767,-4.44109
4675,1,4194,2.08767,-4.4411
4676,1,4195,2.08767,-4.4411
4677,1,4196,2.08767,-4.4411
4678,1,4197,2.08767,-4.4411
4679,1,4198,2.08766,-4.44114
4680,1,4199,2.08766,-4.44114
4681,1,4200,2.08766,-4.44114
4682,1,4201,2.08766,-4.44114
4683,1,4202,2.08766,-4.44114
4684,1,4203,2.08766,-4.44114
4685,1,4204,2.08766,-4.44114
4686,1,4205,2.08766,-4.44113
4687,1,4206,2.08766,-4.44113
4688,1,4207,2.08766,-4.44113
4689,1,4208,2.08766,-4.44113
4690,1,4209,2.08766,-4.44113
4691,1,4210,2.08766,-4.44113
4692,1,4211,2.08766,-4.44113
4693,1,4212,2.08766,-4.44113
4694,1,4213,2.08766,-4.44113
4695,1,4214,2.08766,-4.44113
4696,1,4215,2.08765,-4.44113
4697,1,4216,2.08765,-4.44112
4698,1,4217,2.08765,-4.44112
4699,1,4218,2.08765,-4.44112
4700,1,4219,2.08765,-4.44112
4701,1,4220,2.08765,-4.44112
4702,1,4221,2.08765,-4.44112
4703,1,4222,2.08765,-4.44112
4704,1,4223,2.08765,-4.44112
4705,1,4224,2.08765,-4.44112
4706,1,4225,2.08765,-4.44112
4707,1,4226,2.08765,-4.44112
4708,1,4227,2.08765,-4.44112
4709,1,4228,2.08765,-4.44112
4710,1,4229,2.08765,-4.44112
4711,1,4230,2.08765,-4.44112
4712,1,4231,2.08765,-4.44112
4713,1,4232,2.08765,-4.44112
4714,1,4233,2.08765,-4.44112
4715,1,4234,2.08765,-4.44112
4716,1,4235,2.08765,-4.44112
4717,1,4236,2.08765,-4.44112
4718,1,4237,2.08765,-4.44112
4719,1,4238,2.08765,-4.44112
4720,1,4239,2.08765,-4.44112
4721,1,4240,2.08765,-4.44112
4722,1,4241,2.08765,-4.44112
4723,1,4242,2.08765,-4.44112
4724,1,4243,2.08765,-4.44112
4725,1,4244,2.08765,-4.44112
4726,1,4245,2.08765,-4.44112
4727,1,4246,2.08765,-4.44112
4728,1,4247,2.08765,-4.44112
4729,1,4248,2.08765,-4.44112
4730,1,4249,2.08765,-4.44112
4731,1,4250,2.08765,-4.44112
4732,1,4251,2.08765,-4.44112
4733,1,4252,2.08765,-4.44112
4734,1,4253,2.08765,-4.44112
4735,1,4254,2.08765,-4.44112
4736,1,4255,2.08765,-4.44112
4737,1,4256,2.08765,-4.44112
4738,1,4257,2.08765,-4.44112
4739,1,4258,2.08765,-4.44112
4740,1,4259,2.08765,-4.44112
4741,1,4260,2.08765,-4.44112
4742,1,4261,2.08765,-4.44112
4743,1,4262,2.08765,-4.44112
4744,1,4263,2.08765,-4.44112
4745,1,4264,2.08765,-4.44112
4746,1,4265,2.08765,-4.44113
4747,1,4266,2.08765,-4.44113
4748,1,4267,2.08765,-4.44113
4749,1,4268,2.08765,-4.44113
4750,1,4269,2.08765,-4.44113
4751,1,4270,2.08765,-4.44114
4752,1,4271,2.08765,-4.44114
4753,1,4272,2.08765,-4.44114
4754,1,4273,2.08765,-4.44114
4755,1,4274,2.08765,-4.44114
4756,1,4275,2.08765,-4.44114
4757,1,4276,2.08765,-4.44114
4758,1,4277,2.08765,-4.44114
4759,1,4278,2.08765,-4.44114
4760,1,4279,2.08765,-4.44114
4761,1,4280,2.08765,-4.44114
4762,1,4281,2.08765,-4.44114
4763,1,4282,2.08765,-4.44114
4764,1,4283,2.08765,-4.44114
4765,1,4284,2.08765,-4.44114
4766,1,4285,2.08765,-4.44114
4767,1,4286,2.08765,-4.4412
4768,1,4287,2.08765,-4.4412
4769,1,4288,2.08765,-4.4412
4770,1,4289,2.08765,-4.4412
4771,1,4290,2.08765,-4.4412
4772,1,4291,2.08765,-4.4412
4773,1,4292,2.08765,-4.4412
4774,1,4293,2.08765,-4.4412
4775,1,4294,2.08765,-4.4412
4776,1,4295,2.08765,-4.4412
4777,1,4296,2.08765,-4.4412
4778,1,4297,2.08765,-4.4412
4779,1,4298,2.08765,-4.4412
4780,1,4299,2.08765,-4.4412
4781,1,4300,2.08765,-4.4412
4782,1,4301,2.08765,-4.4412
4783,1,4302,2.08765,-4.4412
4784,1,4303,2.08765,-4.4412
4785,1,4304,2.08765,-4.4412
4786,1,4305,2.08765,-4.4412
4787,1,4306,2.08765,-4.4412
4788,1,4307,2.08765,-4.4412
4789,1,4308,2.08765,-4.4412
4790,1,4309,2.08765,-4.4412
4791,1,4310,2.08765,-4.4412
4792,1,4311,2.08765,-4.4412
4793,1,4312,2.08765,-4.4412
4794,1,4313,2.08765,-4.4412
4795,1,4314,2.08765,-4.4412
4796,1,4315,2.08765,-4.4412
4797,1,4316,2.08765,-4.4412
4798,1,4317,2.08765,-4.4412
4799,1,4318,2.08765,-4.4412
4800,1,4319,2.08765,-4.4412
4801,1,4320,2.08765,-4.4412
4802,1,4321,2.08765,-4.4412
4803,1,4322,2.08765,-4.4412
4804,1,4323,2.08765,-4.4412
4805,1,4324,2.08765,-4.4412
4806,1,4325,2.08765,-4.4412
4807,1,4326,2.08765,-4.4412
4808,1,4327,2.08765,-4.4412
4809,1,4328,2.08765,-4.4412
4810,1,4329,2.08765,-4.4412
4811,1,4330,2.08765,-4.4412
4812,1,4331,2.08765,-4.4412
4813,1,4332,2.08765,-4.4412
4814,1,4333,2.08765,-4.4412
4815,1,4334,2.08765,-4.4412
4816,1,4335,2.08765,-4.4412
4817,1,4336,2.08765,-4.4412
4818,1,4337,2.08766,-4.44119
4819,1,4338,2.08766,-4.44119
4820,1,4339,2.08766,-4.44119
4821,1,4340,2.08766,-4.44119
4822,1,4341,2.08766,-4.44119
4823,1,4342,2.08766,-4.44119
4824,1,4343,2.08766,-4.44119
4825,1,4344,2.08766,-4.44119
4826,1,4345,2.08766,-4.44119
4827,1,4346,2.08766,-4.44119
4828,1,4347,2.08766,-4.44119
4829,1,4348,2.08766,-4.44119
4830,1,4349,2.08766,-4.44119
4831,1,4350,2.08766,-4.44119
4832,1,4351,2.08766,-4.44119
4833,1,4352,2.08766,-4.44119
4834,1,4353,2.08766,-4.44119
4835,1,4354,2.08766,-4.44119
4836,1,4355,2.08766,-4.44119
4837,1,4356,2.08766,-4.44119
4838,1,4357,2.08766,-4.44119
4839,1,4358,2.08766,-4.44119
4840,1,4359,2.08766,-4.44119
4841,1,4360,2.08766,-4.44119
4842,1,4361,2.08766,-4.44119
4843,1,4362,2.08766,-4.44119
4844,1,4363,2.08766,-4.44119
4845,1,4364,2.08766,-4.44118
4846,1,4365,2.08766,-4.44118
4847,1,4366,2.08766,-4.44118
4848,1,4367,2.08766,-4.44118
4849,1,4368,2.08767,-4.44119
4850,1,4369,2.08767,-4.44119
4851,1,4370,2.08767,-4.4412
4852,1,4371,2.08767,-4.4412
4853,1,4372,2.08767,-4.4412
4854,1,4373,2.08767,-4.4412
4855,1,4374,2.08767,-4.4412
4856,1,4375,2.08767,-4.4412
4857,1,4376,2.08767,-4.4412
4858,1,4377,2.08767,-4.4412
4859,1,4378,2.08766,-4.44121
4860,1,4379,2.08766,-4.44121
4861,1,4380,2.08771,-4.44122
4862,1,4381,2.08771,-4.44122
4863,1,4382,2.08771,-4.44122
4864,1,4383,2.08771,-4.44122
4865,1,4384,2.08771,-4.44122
4866,1,4385,2.08771,-4.44122
4867,1,4386,2.08771,-4.44122
4868,1,4387,2.08771,-4.44122
4869,1,4388,2.08771,-4.44122
4870,1,4389,2.0877,-4.44121
4871,1,4390,2.08771,-4.44121
4872,1,4391,2.08771,-4.44121
4873,1,4392,2.08771,-4.44121
4874,1,4393,2.08771,-4.44121
4875,1,4394,2.08771,-4.44121
4876,1,4395,2.08771,-4.44121
4877,1,4396,2.08771,-4.44121
4878,1,4397,2.08771,-4.44121
4879,1,4398,2.08771,-4.44121
4880,1,4399,2.08771,-4.44121
4881,1,4400,2.08771,-4.44121
4882,1,4401,2.08771,-4.44121
4883,1,4402,2.08771,-4.44121
4884,1,4403,2.08771,-4.44121
4885,1,4404,2.08771,-4.44121
4886,1,4405,2.08771,-4.44121
4887,1,4406,2.08771,-4.44121
4888,1,4407,2.08771,-4.44121
4889,1,4408,2.08771,-4.44121
4890,1,4409,2.08771,-4.44121
4891,1,4410,2.08771,-4.44121
4892,1,4411,2.08771,-4.44121
4893,1,4412,2.08771,-4.44121
4894,1,4413,2.08771,-4.44118
4895,1,4414,2.08771,-4.44118
4896,1,4415,2.08773,-4.44121
4897,1,4416,2.08773,-4.44121
4898,1,4417,2.08773,-4.44121
4899,1,4418,2.08773,-4.44121
4900,1,4419,2.08774,-4.44122
4901,1,4420,2.08774,-4.44122
4902,1,4421,2.08774,-4.44122
4903,1,4422,2.08774,-4.44122
4904,1,4423,2.08774,-4.44122
4905,1,4424,2.08774,-4.44122
4906,1,4425,2.08774,-4.44122
4907,1,4426,2.08774,-4.44122
4908,1,4427,2.08774,-4.44122
4909,1,4428,2.08774,-4.44122
4910,1,4429,2.08774,-4.44122
4911,1,4430,2.08774,-4.44122
4912,1,4431,2.08774,-4.44122
4913,1,4432,2.08774,-4.44122
4914,1,4433,2.08774,-4.44122
4915,1,4434,2.08774,-4.44122
4916,1,4435,2.08774,-4.44122
4917,1,4436,2.08774,-4.44122
4918,1,4437,2.08774,-4.44123
4919,1,4438,2.08774,-4.44123
4920,1,4439,2.08774,-4.44123
4921,1,4440,2.08774,-4.44123
4922,1,4441,2.08774,-4.44123
4923,1,4442,2.08774,-4.44123
4924,1,4443,2.08774,-4.44123
4925,1,4444,2.08774,-4.44123
4926,1,4445,2.08774,-4.44123
4927,1,4446,2.08774,-4.44123
4928,1,4447,2.08774,-4.44123
4929,1,4448,2.08774,-4.44123
4930,1,4449,2.08774,-4.44123
4931,1,4450,2.08774,-4.44123
4932,1,4451,2.08774,-4.44123
4933,1,4452,2.08774,-4.44123
4934,1,4453,2.08774,-4.44123
4935,1,4454,2.08774,-4.44123
4936,1,4455,2.08774,-4.44123
4937,1,4456,2.08774,-4.44123
4938,1,4457,2.08774,-4.44123
4939,1,4458,2.08774,-4.44123
4940,1,4459,2.08774,-4.44123
4941,1,4460,2.08774,-4.44123
4942,1,4461,2.08774,-4.44123
4943,1,4462,2.08774,-4.44123
4944,1,4463,2.08774,-4.44123
4945,1,4464,2.08774,-4.44123
4946,1,4465,2.08774,-4.44123
4947,1,4466,2.08774,-4.44123
4948,1,4467,2.08774,-4.44123
4949,1,4468,2.08774,-4.44123
4950,1,4469,2.08774,-4.44123
4951,1,4470,2.08772,-4.44115
4952,1,4471,2.08772,-4.44115
4953,1,4472,2.08772,-4.44115
4954,1,4473,2.08775,-4.44115
4955,1,4474,2.08775,-4.44115
4956,1,4475,2.08775,-4.44115
4957,1,4476,2.08775,-4.44115
4958,1,4477,2.08775,-4.44115
4959,1,4478,2.08775,-4.44115
4960,1,4479,2.08775,-4.44115
4961,1,4480,2.08775,-4.44115
4962,1,4481,2.08775,-4.44115
4963,1,4482,2.08775,-4.44115
4964,1,4483,2.08775,-4.44115
4965,1,4484,2.08775,-4.44115
4966,1,4485,2.08775,-4.44115
4967,1,4486,2.08775,-4.44115
4968,1,4487,2.08775,-4.44115
4969,1,4488,2.08775,-4.44115
4970,1,4489,2.08775,-4.44115
4971,1,4490,2.08775,-4.44115
4972,1,4491,2.08775,-4.44115
4973,1,4492,2.08775,-4.44115
4974,1,4493,2.08774,-4.44115
4975,1,4494,2.08774,-4.44113
4976,1,4495,2.08774,-4.44113
4977,1,4496,2.08774,-4.44113
4978,1,4497,2.08774,-4.44113
4979,1,4498,2.08774,-4.44113
4980,1,4499,2.08774,-4.44113
4981,1,4500,2.08774,-4.44113
4982,1,4501,2.08774,-4.44113
4983,1,4502,2.08774,-4.44113
4984,1,4503,2.08774,-4.44113
4985,1,4504,2.08774,-4.44113
4986,1,4505,2.08774,-4.44113
4987,1,4506,2.08774,-4.44113
4988,1,4507,2.08773,-4.44119
4989,1,4508,2.08773,-4.44119
4990,1,4509,2.08773,-4.44119
4991,1,4510,2.08773,-4.44119
4992,1,4511,2.08773,-4.44119
4993,1,4512,2.08773,-4.44119
4994,1,4513,2.08773,-4.44119
4995,1,4514,2.08774,-4.44119
4996,1,4515,2.08774,-4.44119
4997,1,4516,2.08774,-4.44119
4998,1,4517,2.08774,-4.44119
4999,1,4518,2.08774,-4.44119
5000,1,4519,2.08774,-4.44119
5001,1,4520,2.08774,-4.44119
5002,1,4521,2.08774,-4.44119
5003,1,4522,2.08774,-4.44119
5004,1,4523,2.08774,-4.44119
5005,1,4524,2.08774,-4.44119
5006,1,4525,2.08774,-4.44119
5007,1,4526,2.08774,-4.44119
5008,1,4527,2.08774,-4.44119
5009,1,4528,2.08774,-4.44119
5010,1,4529,2.08774,-4.44119
5011,1,4530,2.08774,-4.44119
5012,1,4531,2.08774,-4.44119
5013,1,4532,2.08774,-4.44119
5014,1,4533,2.08774,-4.44119
5015,1,4534,2.08774,-4.44119
5016,1,4535,2.08774,-4.44119
5017,1,4536,2.08774,-4.44119
5018,1,4537,2.08774,-4.44119
5019,1,4538,2.08774,-4.44119
5020,1,4539,2.08774,-4.44119
5021,1,4540,2.08774,-4.44119
5022,1,4541,2.08774,-4.44117
5023,1,4542,2.08774,-4.44117
5024,1,4543,2.08774,-4.44117
5025,1,4544,2.08774,-4.44117
5026,1,4545,2.08774,-4.44117
5027,1,4546,2.08774,-4.44117
5028,1,4547,2.08774,-4.44117
5029,1,4548,2.08774,-4.44117
5030,1,4549,2.08774,-4.44117
5031,1,4550,2.08774,-4.44117
5032,1,4551,2.08774,-4.44117
5033,1,4552,2.08774,-4.44117
5034,1,4553,2.08774,-4.44117
5035,1,4554,2.08774,-4.44117
5036,1,4555,2.08774,-4.44117
5037,1,4556,2.08774,-4.44117
5038,1,4557,2.08774,-4.44117
5039,1,4558,2.08774,-4.44117
5040,1,4559,2.08774,-4.44117
5041,1,4560,2.08774,-4.44117
5042,1,4561,2.08774,-4.44117
5043,1,4562,2.08774,-4.44117
5044,1,4563,2.08774,-4.44117
5045,1,4564,2.08774,-4.44117
5046,1,4565,2.08774,-4.44117
5047,1,4566,2.08774,-4.44117
5048,1,4567,2.08774,-4.44117
5049,1,4568,2.08774,-4.44117
5050,1,4569,2.08774,-4.44117
5051,1,4570,2.08774,-4.44117
5052,1,4571,2.08774,-4.44117
5053,1,4572,2.08774,-4.44117
5054,1,4573,2.08774,-4.44117
5055,1,4574,2.08774,-4.44117
5056,1,4575,2.08774,-4.44117
5057,1,4576,2.08774,-4.44117
5058,1,4577,2.08773,-4.44121
5059,1,4578,2.08773,-4.44121
5060,1,4579,2.08773,-4.44121
5061,1,4580,2.08773,-4.44121
5062,1,4581,2.08773,-4.44121
5063,1,4582,2.08773,-4.44121
5064,1,4583,2.08773,-4.44121
5065,1,4584,2.08773,-4.44121
5066,1,4585,2.08773,-4.44121
5067,1,4586,2.08773,-4.44121
5068,1,4587,2.08773,-4.44121
5069,1,4588,2.08773,-4.44119
5070,1,4589,2.08773,-4.44122
5071,1,4590,2.08773,-4.44122
5072,1,4591,2.08773,-4.44122
5073,1,4592,2.08773,-4.44122
5074,1,4593,2.08773,-4.44122
5075,1,4594,2.08773,-4.44122
5076,1,4595,2.08773,-4.44122
5077,1,4596,2.08773,-4.44122
5078,1,4597,2.08773,-4.44122
5079,1,4598,2.08773,-4.44122
5080,1,4599,2.08773,-4.44122
5081,1,4600,2.08773,-4.44122
5082,1,4601,2.08773,-4.44122
5083,1,4602,2.08773,-4.44122
5084,1,4603,2.08769,-4.44118
5085,1,4604,2.08769,-4.44118
5086,1,4605,2.08769,-4.44118
5087,1,4606,2.08769,-4.44118
5088,1,4607,2.08769,-4.44118
5089,1,4608,2.08769,-4.44118
5090,1,4609,2.08769,-4.44118
5091,1,4610,2.08769,-4.44118
5092,1,4611,2.08769,-4.44118
5093,1,4612,2.08769,-4.44118
5094,1,4613,2.08769,-4.44118
5095,1,4614,2.08769,-4.44118
5096,1,4615,2.08769,-4.44118
5097,1,4616,2.08769,-4.44118
5098,1,4617,2.08769,-4.44118
5099,1,4618,2.08769,-4.44118
5100,1,4619,2.08769,-4.44118
5101,1,4620,2.08769,-4.44118
5102,1,4621,2.08769,-4.44118
5103,1,4622,2.08769,-4.44118
5104,1,4623,2.08769,-4.44118
5105,1,4624,2.08769,-4.44118
5106,1,4625,2.08769,-4.44118
5107,1,4626,2.08769,-4.44118
5108,1,4627,2.08769,-4.44119
5109,1,4628,2.08769,-4.44119
5110,1,4629,2.08769,-4.44119
5111,1,4630,2.08769,-4.44119
5112,1,4631,2.08768,-4.44116
5113,1,4632,2.08768,-4.44116
5114,1,4633,2.08768,-4.44116
5115,1,4634,2.08768,-4.44116
5116,1,4635,2.08768,-4.44116
5117,1,4636,2.08768,-4.44116
5118,1,4637,2.08768,-4.44116
5119,1,4638,2.08768,-4.44116
5120,1,4639,2.08768,-4.44116
5121,1,4640,2.08768,-4.44116
5122,1,4641,2.08768,-4.44116
5123,1,4642,2.08768,-4.44116
5124,1,4643,2.08768,-4.44116
5125,1,4644,2.08768,-4.44116
5126,1,4645,2.08768,-4.44116
5127,1,4646,2.08768,-4.44116
5128,1,4647,2.08768,-4.44116
5129,1,4648,2.08768,-4.44116
5130,1,4649,2.08767,-4.44115
5131,1,4650,2.08767,-4.44115
5132,1,4651,2.08768,-4.44115
5133,1,4652,2.08768,-4.44115
5134,1,4653,2.08769,-4.44116
5135,1,4654,2.08769,-4.44116
5136,1,4655,2.08769,-4.44116
5137,1,4656,2.08769,-4.44116
5138,1,4657,2.08769,-4.44116
5139,1,4658,2.08768,-4.44117
5140,1,4659,2.08768,-4.44117
5141,1,4660,2.08772,-4.44118
5142,1,4661,2.08772,-4.44118
5143,1,4662,2.08772,-4.44118
5144,1,4663,2.08772,-4.44118
5145,1,4664,2.08772,-4.44118
5146,1,4665,2.08772,-4.44118
5147,1,4666,2.08772,-4.44118
5148,1,4667,2.08772,-4.44119
5149,1,4668,2.08772,-4.44118
5150,1,4669,2.08772,-4.44118
5151,1,4670,2.08773,-4.44118
5152,1,4671,2.08773,-4.44117
5153,1,4672,2.08773,-4.44117
5154,1,4673,2.08773,-4.44117
5155,1,4674,2.08773,-4.44117
5156,1,4675,2.08773,-4.44117
5157,1,4676,2.08773,-4.44117
5158,1,4677,2.08773,-4.44117
5159,1,4678,2.08774,-4.44115
5160,1,4679,2.08774,-4.44115
5161,1,4680,2.08774,-4.44115
5162,1,4681,2.08774,-4.44115
5163,1,4682,2.08774,-4.44115
5164,1,4683,2.08774,-4.44115
5165,1,4684,2.08774,-4.44115
5166,1,4685,2.08774,-4.44115
5167,1,4686,2.08774,-4.44115
5168,1,4687,2.08774,-4.44115
5169,1,4688,2.08774,-4.44115
5170,1,4689,2.08774,-4.44115
5171,1,4690,2.08774,-4.44115
5172,1,4691,2.08774,-4.44115
5173,1,4692,2.08774,-4.44115
5174,1,4693,2.08774,-4.44115
5175,1,4694,2.08774,-4.44115
5176,1,4695,2.08774,-4.44114
5177,1,4696,2.08774,-4.44115
5178,1,4697,2.08775,-4.44116
5179,1,4698,2.08775,-4.44116
5180,1,4699,2.08775,-4.44116
5181,1,4700,2.08775,-4.44116
5182,1,4701,2.08775,-4.44116
5183,1,4702,2.08775,-4.44116
5184,1,4703,2.08775,-4.44116
5185,1,4704,2.08775,-4.44116
5186,1,4705,2.08775,-4.44116
5187,1,4706,2.08775,-4.44116
5188,1,4707,2.08775,-4.44116
5189,1,4708,2.08775,-4.44116
5190,1,4709,2.08776,-4.44117
5191,1,4710,2.08776,-4.44117
5192,1,4711,2.08776,-4.44117
5193,1,4712,2.08776,-4.44117
5194,1,4713,2.08776,-4.44117
5195,1,4714,2.08776,-4.44117
5196,1,4715,2.08776,-4.44117
5197,1,4716,2.08776,-4.44117
5198,1,4717,2.08776,-4.44117
5199,1,4718,2.08776,-4.44116
5200,1,4719,2.08776,-4.44116
5201,1,4720,2.08776,-4.44116
5202,1,4721,2.08776,-4.44116
5203,1,4722,2.08776,-4.44116
5204,1,4723,2.08776,-4.44116
5205,1,4724,2.08775,-4.44114
5206,1,4725,2.08775,-4.44114
5207,1,4726,2.08775,-4.44114
5208,1,4727,2.08775,-4.44114
5209,1,4728,2.08775,-4.44115
5210,1,4729,2.08775,-4.44115
5211,1,4730,2.08775,-4.44118
5212,1,4731,2.08775,-4.44118
5213,1,4732,2.08775,-4.44118
5214,1,4733,2.08775,-4.44118
5215,1,4734,2.08775,-4.44118
5216,1,4735,2.08775,-4.44118
5217,1,4736,2.08775,-4.44118
5218,1,4737,2.08775,-4.44118
5219,1,4738,2.08775,-4.44118
5220,1,4739,2.08775,-4.44118
5221,1,4740,2.08775,-4.44118
5222,1,4741,2.08775,-4.44118
5223,1,4742,2.08775,-4.44118
5224,1,4743,2.08774,-4.44118
5225,1,4744,2.08774,-4.44117
5226,1,4745,2.08775,-4.44118
5227,1,4746,2.08775,-4.44118
5228,1,4747,2.08776,-4.44119
5229,1,4748,2.08776,-4.44119
5230,1,4749,2.08776,-4.44119
5231,1,4750,2.08776,-4.44119
5232,1,4751,2.08776,-4.44119
5233,1,4752,2.08776,-4.44119
5234,1,4753,2.08775,-4.44122
5235,1,4754,2.08778,-4.44122
5236,1,4755,2.08778,-4.44122
5237,1,4756,2.08778,-4.44122
5238,1,4757,2.08778,-4.44122
5239,1,4758,2.08778,-4.44122
5240,1,4759,2.08778,-4.44122
5241,1,4760,2.08778,-4.44122
5242,1,4761,2.08778,-4.44122
5243,1,4762,2.08778,-4.44122
5244,1,4763,2.08778,-4.44122
5245,1,4764,2.08778,-4.44122
5246,1,4765,2.08778,-4.44123
5247,1,4766,2.08778,-4.44123
5248,1,4767,2.08778,-4.44123
5249,1,4768,2.08778,-4.44123
5250,1,4769,2.08778,-4.44123
5251,1,4770,2.08778,-4.44123
5252,1,4771,2.08778,-4.44123
5253,1,4772,2.08778,-4.44123
5254,1,4773,2.08778,-4.44123
5255,1,4774,2.08778,-4.44123
5256,1,4775,2.08778,-4.44123
5257,1,4776,2.08778,-4.44123
5258,1,4777,2.08778,-4.44123
5259,1,4778,2.08778,-4.44123
5260,1,4779,2.08778,-4.44123
5261,1,4780,2.08778,-4.44123
5262,1,4781,2.08778,-4.44123
5263,1,4782,2.08778,-4.44123
5264,1,4783,2.08773,-4.44119
5265,1,4784,2.08773,-4.44119
5266,1,4785,2.08773,-4.44119
5267,1,4786,2.08773,-4.44119
5268,1,4787,2.08773,-4.44119
5269,1,4788,2.08773,-4.44119
5270,1,4789,2.08773,-4.44119
5271,1,4790,2.08773,-4.44119
5272,1,4791,2.08773,-4.44119
5273,1,4792,2.08773,-4.44119
5274,1,4793,2.08773,-4.44119
5275,1,4794,2.08773,-4.44119
5276,1,4795,2.08773,-4.44119
5277,1,4796,2.08773,-4.44119
5278,1,4797,2.08773,-4.44119
5279,1,4798,2.08773,-4.44119
5280,1,4799,2.08773,-4.44119
5281,1,4800,2.08773,-4.44119
5282,1,4801,2.08773,-4.44119
5283,1,4802,2.08773,-4.44119
5284,1,4803,2.08773,-4.44119
5285,1,4804,2.08773,-4.44119
5286,1,4805,2.08773,-4.44119
5287,1,4806,2.08773,-4.44119
5288,1,4807,2.08773,-4.44119
5289,1,4808,2.08773,-4.44119
5290,1,4809,2.08773,-4.44119
5291,1,4810,2.08773,-4.44119
5292,1,4811,2.08772,-4.44122
5293,1,4812,2.08772,-4.44122
5294,1,4813,2.08772,-4.44122
5295,1,4814,2.08772,-4.44122
5296,1,4815,2.08772,-4.44122
5297,1,4816,2.08772,-4.44122
5298,1,4817,2.08772,-4.44122
5299,1,4818,2.08772,-4.44122
5300,1,4819,2.08772,-4.44122
5301,1,4820,2.08772,-4.44122
5302,1,4821,2.08772,-4.44122
5303,1,4822,2.08772,-4.44122
5304,1,4823,2.08772,-4.44122
5305,1,4824,2.08772,-4.44122
5306,1,4825,2.08772,-4.44122
5307,1,4826,2.08772,-4.44122
5308,1,4827,2.08772,-4.44122
5309,1,4828,2.08772,-4.44122
5310,1,4829,2.08766,-4.44117
5311,1,4830,2.08766,-4.44117
5312,1,4831,2.08767,-4.44119
5313,1,4832,2.08767,-4.44119
5314,1,4833,2.08767,-4.44119
5315,1,4834,2.08767,-4.44119
5316,1,4835,2.08767,-4.44119
5317,1,4836,2.08767,-4.44119
5318,1,4837,2.08767,-4.4412
5319,1,4838,2.08767,-4.4412
5320,1,4839,2.08767,-4.4412
5321,1,4840,2.08767,-4.4412
5322,1,4841,2.08767,-4.4412
5323,1,4842,2.08767,-4.4412
5324,1,4843,2.08767,-4.4412
5325,1,4844,2.08767,-4.4412
5326,1,4845,2.08767,-4.4412
5327,1,4846,2.08767,-4.4412
5328,1,4847,2.08767,-4.4412
5329,1,4848,2.08767,-4.4412
5330,1,4849,2.08767,-4.4412
5331,1,4850,2.08767,-4.4412
5332,1,4851,2.08767,-4.4412
5333,1,4852,2.08767,-4.4412
5334,1,4853,2.08767,-4.4412
5335,1,4854,2.08767,-4.4412
5336,1,4855,2.08767,-4.4412
5337,1,4856,2.08767,-4.4412
5338,1,4857,2.08767,-4.4412
5339,1,4858,2.08766,-4.4412
5340,1,4859,2.08766,-4.4412
5341,1,4860,2.08766,-4.4412
5342,1,4861,2.08766,-4.4412
5343,1,4862,2.08766,-4.4412
5344,1,4863,2.08766,-4.4412
5345,1,4864,2.08766,-4.4412
5346,1,4865,2.08766,-4.4412
5347,1,4866,2.08766,-4.4412
5348,1,4867,2.08766,-4.4412
5349,1,4868,2.08766,-4.4412
5350,1,4869,2.08766,-4.4412
5351,1,4870,2.08766,-4.4412
5352,1,4871,2.08766,-4.4412
5353,1,4872,2.08766,-4.4412
5354,1,4873,2.08766,-4.4412
5355,1,4874,2.08766,-4.4412
5356,1,4875,2.08766,-4.4412
5357,1,4876,2.08766,-4.4412
5358,1,4877,2.08766,-4.4412
5359,1,4878,2.08766,-4.4412
5360,1,4879,2.08766,-4.4412
5361,1,4880,2.08766,-4.4412
5362,1,4881,2.08766,-4.4412
5363,1,4882,2.08766,-4.4412
5364,1,4883,2.08765,-4.44119
5365,1,4884,2.08765,-4.44119
5366,1,4885,2.08765,-4.44119
5367,1,4886,2.08765,-4.44119
5368,1,4887,2.08765,-4.44119
5369,1,4888,2.08765,-4.44119
5370,1,4889,2.08766,-4.44119
5371,1,4890,2.08766,-4.44119
5372,1,4891,2.08766,-4.44119
5373,1,4892,2.08766,-4.44119
5374,1,4893,2.08766,-4.44119
5375,1,4894,2.08766,-4.44119
5376,1,4895,2.08766,-4.44119
5377,1,4896,2.08766,-4.44119
5378,1,4897,2.08766,-4.44119
5379,1,4898,2.08766,-4.44119
5380,1,4899,2.08766,-4.44119
5381,1,4900,2.08766,-4.44119
5382,1,4901,2.08766,-4.44119
5383,1,4902,2.08766,-4.44119
5384,1,4903,2.08766,-4.44119
5385,1,4904,2.08766,-4.44119
5386,1,4905,2.08766,-4.44119
5387,1,4906,2.08766,-4.44121
5388,1,4907,2.08766,-4.44121
5389,1,4908,2.08766,-4.44121
5390,1,4909,2.08766,-4.44121
5391,1,4910,2.08766,-4.44121
5392,1,4911,2.08766,-4.44121
5393,1,4912,2.08766,-4.44121
5394,1,4913,2.08766,-4.44121
5395,1,4914,2.08766,-4.44121
5396,1,4915,2.08766,-4.44121
5397,1,4916,2.08766,-4.44121
5398,1,4917,2.08766,-4.44121
5399,1,4918,2.08766,-4.44121
5400,1,4919,2.08766,-4.44121
5401,1,4920,2.08766,-4.44121
5402,1,4921,2.08766,-4.44121
5403,1,4922,2.08766,-4.44121
5404,1,4923,2.08766,-4.44121
5405,1,4924,2.08766,-4.44121
5406,1,4925,2.08767,-4.44118
5407,1,4926,2.08767,-4.44118
5408,1,4927,2.08769,-4.4412
5409,1,4928,2.08769,-4.4412
5410,1,4929,2.08769,-4.4412
5411,1,4930,2.08769,-4.4412
5412,1,4931,2.08769,-4.44121
5413,1,4932,2.08769,-4.44121
5414,1,4933,2.08769,-4.44121
5415,1,4934,2.08769,-4.44121
5416,1,4935,2.08769,-4.44121
5417,1,4936,2.08769,-4.44121
5418,1,4937,2.08769,-4.44121
5419,1,4938,2.08769,-4.44121
5420,1,4939,2.08769,-4.44121
5421,1,4940,2.08769,-4.44121
5422,1,4941,2.08769,-4.44121
5423,1,4942,2.08769,-4.44121
5424,1,4943,2.08769,-4.44121
5425,1,4944,2.08769,-4.44121
5426,1,4945,2.08769,-4.44121
5427,1,4946,2.08769,-4.44121
5428,1,4947,2.08769,-4.44121
5429,1,4948,2.08769,-4.44121
5430,1,4949,2.08769,-4.44121
5431,1,4950,2.08769,-4.4412
5432,1,4951,2.08769,-4.4412
5433,1,4952,2.08769,-4.4412
5434,1,4953,2.08769,-4.4412
5435,1,4954,2.08769,-4.4412
5436,1,4955,2.08769,-4.4412
5437,1,4956,2.08769,-4.4412
5438,1,4957,2.08769,-4.4412
5439,1,4958,2.08769,-4.4412
5440,1,4959,2.08769,-4.4412
5441,1,4960,2.08769,-4.4412
5442,1,4961,2.08769,-4.4412
5443,1,4962,2.08769,-4.4412
5444,1,4963,2.08769,-4.4412
5445,1,4964,2.08769,-4.4412
5446,1,4965,2.08769,-4.4412
5447,1,4966,2.08769,-4.4412
5448,1,4967,2.08769,-4.4412
5449,1,4968,2.08769,-4.4412
5450,1,4969,2.08769,-4.4412
5451,1,4970,2.08769,-4.4412
5452,1,4971,2.08769,-4.4412
5453,1,4972,2.08769,-4.4412
5454,1,4973,2.08769,-4.4412
5455,1,4974,2.08769,-4.4412
5456,1,4975,2.08768,-4.44124
5457,1,4976,2.08768,-4.44124
5458,1,4977,2.08768,-4.44124
5459,1,4978,2.08768,-4.44124
5460,1,4979,2.08768,-4.44124
5461,1,4980,2.08768,-4.44124
5462,1,4981,2.08768,-4.44124
5463,1,4982,2.08768,-4.44124
5464,1,4983,2.08768,-4.44124
5465,1,4984,2.08768,-4.44124
5466,1,4985,2.08768,-4.44124
5467,1,4986,2.08768,-4.44124
5468,1,4987,2.08768,-4.44124
5469,1,4988,2.08768,-4.44124
5470,1,4989,2.08768,-4.44124
5471,1,4990,2.08768,-4.44124
5472,1,4991,2.08768,-4.44124
5473,1,4992,2.08768,-4.44124
5474,1,4993,2.08768,-4.44124
5475,1,4994,2.08768,-4.44124
5476,1,4995,2.08768,-4.44124
5477,1,4996,2.08768,-4.44124
5478,1,4997,2.08768,-4.44124
5479,1,4998,2.08768,-4.44124
5480,1,4999,2.08768,-4.44124
5481,1,5000,2.08768,-4.44124
5482,1,5001,2.08768,-4.44124
5483,1,5002,2.08768,-4.44124
5484,1,5003,2.08768,-4.44124
5485,1,5004,2.08768,-4.44124
5486,1,5005,2.08768,-4.44124
5487,1,5006,2.08768,-4.44124
5488,1,5007,2.08768,-4.44124
5489,1,5008,2.08768,-4.44124
5490,1,5009,2.08768,-4.44124
5491,1,5010,2.08768,-4.44124
5492,1,5011,2.08768,-4.44124
5493,1,5012,2.08768,-4.44124
5494,1,5013,2.08768,-4.44124
5495,1,5014,2.08768,-4.44124
5496,1,5015,2.08768,-4.44124
5497,1,5016,2.08768,-4.44124
5498,1,5017,2.08768,-4.44124
5499,1,5018,2.08768,-4.44124
5500,1,5019,2.08768,-4.44124
5501,1,5020,2.08768,-4.44124
5502,1,5021,2.08768,-4.44124
5503,1,5022,2.08768,-4.44124
5504,1,5023,2.08764,-4.44112
5505,1,5024,2.08764,-4.44112
5506,1,5025,2.08764,-4.44112
5507,1,5026,2.08764,-4.44112
5508,1,5027,2.08764,-4.44112
5509,1,5028,2.08764,-4.44112
5510,1,5029,2.08764,-4.44112
5511,1,5030,2.08764,-4.44112
5512,1,5031,2.08764,-4.44112
5513,1,5032,2.08764,-4.44112
5514,1,5033,2.08765,-4.44112
5515,1,5034,2.08765,-4.44112
5516,1,5035,2.08765,-4.44112
5517,1,5036,2.08765,-4.44112
5518,1,5037,2.08765,-4.44112
5519,1,5038,2.08765,-4.44112
5520,1,5039,2.08765,-4.44112
5521,1,5040,2.08765,-4.44112
5522,1,5041,2.08765,-4.44112
5523,1,5042,2.08765,-4.44112
5524,1,5043,2.08765,-4.44112
5525,1,5044,2.08765,-4.44112
5526,1,5045,2.08765,-4.44112
5527,1,5046,2.08765,-4.44112
5528,1,5047,2.08765,-4.44112
5529,1,5048,2.08765,-4.44116
5530,1,5049,2.08765,-4.44116
5531,1,5050,2.08765,-4.44116
5532,1,5051,2.08765,-4.44116
5533,1,5052,2.08765,-4.44116
5534,1,5053,2.08765,-4.44116
5535,1,5054,2.08765,-4.44116
5536,1,5055,2.08765,-4.44116
5537,1,5056,2.08765,-4.44116
5538,1,5057,2.08765,-4.44116
5539,1,5058,2.08765,-4.44116
5540,1,5059,2.08765,-4.44116
5541,1,5060,2.08765,-4.44116
5542,1,5061,2.08765,-4.44116
5543,1,5062,2.08765,-4.44116
5544,1,5063,2.08765,-4.44116
5545,1,5064,2.08765,-4.44116
5546,1,5065,2.08764,-4.44115
5547,1,5066,2.08766,-4.44117
5548,1,5067,2.08766,-4.44117
5549,1,5068,2.08766,-4.44117
5550,1,5069,2.08766,-4.44117
5551,1,5070,2.08766,-4.44117
5552,1,5071,2.08766,-4.44117
5553,1,5072,2.08766,-4.44117
5554,1,5073,2.08766,-4.44117
5555,1,5074,2.08766,-4.44117
5556,1,5075,2.08766,-4.44117
5557,1,5076,2.08766,-4.44117
5558,1,5077,2.08766,-4.44117
5559,1,5078,2.08766,-4.44117
5560,1,5079,2.08766,-4.44117
5561,1,5080,2.08766,-4.44117
5562,1,5081,2.08765,-4.44111
5563,1,5082,2.08765,-4.4411
5564,1,5083,2.08765,-4.4411
5565,1,5084,2.08767,-4.4411
5566,1,5085,2.08767,-4.4411
5567,1,5086,2.08767,-4.4411
5568,1,5087,2.08767,-4.4411
5569,1,5088,2.08767,-4.4411
5570,1,5089,2.08767,-4.4411
5571,1,5090,2.08767,-4.4411
5572,1,5091,2.08767,-4.4411
5573,1,5092,2.08767,-4.4411
5574,1,5093,2.08767,-4.4411
5575,1,5094,2.08767,-4.4411
5576,1,5095,2.08767,-4.4411
5577,1,5096,2.08767,-4.4411
5578,1,5097,2.08767,-4.4411
5579,1,5098,2.08767,-4.4411
5580,1,5099,2.08767,-4.4411
5581,1,5100,2.08767,-4.4411
5582,1,5101,2.08767,-4.4411
5583,1,5102,2.08767,-4.4411
5584,1,5103,2.08767,-4.4411
5585,1,5104,2.08767,-4.4411
5586,1,5105,2.08767,-4.4411
5587,1,5106,2.08768,-4.44114
5588,1,5107,2.08768,-4.44115
5589,1,5108,2.08768,-4.44116
5590,1,5109,2.08768,-4.44116
5591,1,5110,2.08768,-4.44116
5592,1,5111,2.0877,-4.44118
5593,1,5112,2.0877,-4.44118
5594,1,5113,2.0877,-4.44118
5595,1,5114,2.0877,-4.44118
5596,1,5115,2.0877,-4.44118
5597,1,5116,2.0877,-4.44118
5598,1,5117,2.08769,-4.44119
5599,1,5118,2.08769,-4.44119
5600,1,5119,2.08769,-4.44119
5601,1,5120,2.08769,-4.44119
5602,1,5121,2.08769,-4.44119
5603,1,5122,2.08769,-4.44119
5604,1,5123,2.08769,-4.44119
5605,1,5124,2.08769,-4.44119
5606,1,5125,2.08769,-4.44119
5607,1,5126,2.08769,-4.44119
5608,1,5127,2.08769,-4.44119
5609,1,5128,2.08769,-4.44118
5610,1,5129,2.0877,-4.44116
5611,1,5130,2.0877,-4.44116
5612,1,5131,2.0877,-4.44116
5613,1,5132,2.0877,-4.44116
5614,1,5133,2.0877,-4.44116
5615,1,5134,2.0877,-4.44116
5616,1,5135,2.0877,-4.44116
5617,1,5136,2.0877,-4.44116
5618,1,5137,2.08769,-4.44114
5619,1,5138,2.08769,-4.44114
5620,1,5139,2.08769,-4.44114
5621,1,5140,2.08769,-4.44114
5622,1,5141,2.08769,-4.44114
5623,1,5142,2.08769,-4.44114
5624,1,5143,2.08769,-4.44114
5625,1,5144,2.08769,-4.44114
5626,1,5145,2.08769,-4.44114
5627,1,5146,2.08769,-4.44114
5628,1,5147,2.08769,-4.44114
5629,1,5148,2.08769,-4.44114
5630,1,5149,2.08769,-4.44114
5631,1,5150,2.08769,-4.44114
5632,1,5151,2.08769,-4.44114
5633,1,5152,2.08769,-4.44113
5634,1,5153,2.08769,-4.44113
5635,1,5154,2.08769,-4.44118
5636,1,5155,2.08769,-4.44118
5637,1,5156,2.08769,-4.44119
5638,1,5157,2.08769,-4.44119
5639,1,5158,2.08769,-4.44119
5640,1,5159,2.08769,-4.44119
5641,1,5160,2.08769,-4.44119
5642,1,5161,2.08769,-4.44119
5643,1,5162,2.08769,-4.44119
5644,1,5163,2.08769,-4.44119
5645,1,5164,2.08769,-4.44119
5646,1,5165,2.08769,-4.44119
5647,1,5166,2.08769,-4.44119
5648,1,5167,2.08769,-4.44119
5649,1,5168,2.08769,-4.44119
5650,1,5169,2.08769,-4.44119
5651,1,5170,2.08769,-4.44119
5652,1,5171,2.08769,-4.44118
5653,1,5172,2.08769,-4.44118
5654,1,5173,2.08769,-4.44118
5655,1,5174,2.08769,-4.44118
5656,1,5175,2.08769,-4.44118
5657,1,5176,2.08769,-4.44118
5658,1,5177,2.0877,-4.44117
5659,1,5178,2.0877,-4.44117
5660,1,5179,2.0877,-4.44117
5661,1,5180,2.0877,-4.44117
5662,1,5181,2.0877,-4.44117
5663,1,5182,2.0877,-4.44117
5664,1,5183,2.0877,-4.44117
5665,1,5184,2.0877,-4.44117
5666,1,5185,2.0877,-4.44117
5667,1,5186,2.0877,-4.44117
5668,1,5187,2.0877,-4.44117
5669,1,5188,2.0877,-4.44117
5670,1,5189,2.0877,-4.44117
5671,1,5190,2.0877,-4.44117
5672,1,5191,2.0877,-4.44117
5673,1,5192,2.0877,-4.44117
5674,1,5193,2.0877,-4.44117
5675,1,5194,2.0877,-4.44117
5676,1,5195,2.0877,-4.44117
5677,1,5196,2.0877,-4.44117
5678,1,5197,2.0877,-4.44117
5679,1,5198,2.0877,-4.44117
5680,1,5199,2.0877,-4.44117
5681,1,5200,2.0877,-4.44117
5682,1,5201,2.0877,-4.44117
5683,1,5202,2.0877,-4.44117
5684,1,5203,2.0877,-4.44117
5685,1,5204,2.08769,-4.44114
5686,1,5205,2.08771,-4.44118
5687,1,5206,2.08771,-4.44118
5688,1,5207,2.08771,-4.44118
5689,1,5208,2.08771,-4.44118
5690,1,5209,2.08771,-4.44118
5691,1,5210,2.08771,-4.44118
5692,1,5211,2.08772,-4.44119
5693,1,5212,2.08772,-4.44119
5694,1,5213,2.08772,-4.44119
5695,1,5214,2.08772,-4.44119
5696,1,5215,2.08772,-4.44119
5697,1,5216,2.08772,-4.44119
5698,1,5217,2.08772,-4.44119
5699,1,5218,2.08772,-4.44119
5700,1,5219,2.08772,-4.44119
5701,1,5220,2.08772,-4.44119
5702,1,5221,2.08772,-4.44119
5703,1,5222,2.0877,-4.44115
5704,1,5223,2.0877,-4.44112
5705,1,5224,2.0877,-4.44112
5706,1,5225,2.08771,-4.44112
5707,1,5226,2.08771,-4.44112
5708,1,5227,2.0877,-4.44111
5709,1,5228,2.0877,-4.44111
5710,1,5229,2.0877,-4.4411
5711,1,5230,2.0877,-4.4411
5712,1,5231,2.0877,-4.4411
5713,1,5232,2.0877,-4.4411
5714,1,5233,2.0877,-4.4411
5715,1,5234,2.0877,-4.4411
5716,1,5235,2.0877,-4.4411
5717,1,5236,2.0877,-4.4411
5718,1,5237,2.0877,-4.4411
5719,1,5238,2.0877,-4.4411
5720,1,5239,2.0877,-4.4411
5721,1,5240,2.0877,-4.4411
5722,1,5241,2.0877,-4.4411
5723,1,5242,2.0877,-4.4411
5724,1,5243,2.0877,-4.4411
5725,1,5244,2.0877,-4.4411
5726,1,5245,2.0877,-4.4411
5727,1,5246,2.0877,-4.4411
5728,1,5247,2.0877,-4.4411
5729,1,5248,2.0877,-4.4411
5730,1,5249,2.0877,-4.4411
5731,1,5250,2.0877,-4.4411
5732,1,5251,2.0877,-4.4411
5733,1,5252,2.0877,-4.4411
5734,1,5253,2.0877,-4.4411
5735,1,5254,2.08769,-4.44108
5736,1,5255,2.08769,-4.44108
5737,1,5256,2.08771,-4.44109
5738,1,5257,2.08771,-4.44109
5739,1,5258,2.08771,-4.44109
5740,1,5259,2.08771,-4.44109
5741,1,5260,2.08771,-4.44109
5742,1,5261,2.08771,-4.44109
5743,1,5262,2.08771,-4.44109
5744,1,5263,2.08771,-4.44109
5745,1,5264,2.08771,-4.44109
5746,1,5265,2.08771,-4.44109
5747,1,5266,2.08771,-4.44109
5748,1,5267,2.08771,-4.44109
5749,1,5268,2.08771,-4.44109
5750,1,5269,2.08771,-4.44109
5751,1,5270,2.08771,-4.44109
5752,1,5271,2.08771,-4.44109
5753,1,5272,2.08771,-4.44109
5754,1,5273,2.08771,-4.44109
5755,1,5274,2.08771,-4.44109
5756,1,5275,2.08771,-4.44109
5757,1,5276,2.08771,-4.44109
5758,1,5277,2.08771,-4.44108
5759,1,5278,2.08771,-4.44108
5760,1,5279,2.08771,-4.44108
5761,1,5280,2.08771,-4.44108
5762,1,5281,2.08771,-4.44108
5763,1,5282,2.08771,-4.44108
5764,1,5283,2.08771,-4.44108
5765,1,5284,2.08771,-4.44108
5766,1,5285,2.08771,-4.44108
5767,1,5286,2.08771,-4.44108
5768,1,5287,2.08771,-4.44108
5769,1,5288,2.08771,-4.44108
5770,1,5289,2.08771,-4.44108
5771,1,5290,2.08771,-4.44108
5772,1,5291,2.08771,-4.44108
5773,1,5292,2.08771,-4.44108
5774,1,5293,2.08771,-4.44108
5775,1,5294,2.08771,-4.44108
5776,1,5295,2.08771,-4.44108
5777,1,5296,2.08771,-4.44108
5778,1,5297,2.08771,-4.44108
5779,1,5298,2.08771,-4.44108
5780,1,5299,2.08771,-4.44108
5781,1,5300,2.08771,-4.44108
5782,1,5301,2.08771,-4.44108
5783,1,5302,2.08771,-4.44108
5784,1,5303,2.08771,-4.44108
5785,1,5304,2.08771,-4.44108
5786,1,5305,2.08771,-4.44108
5787,1,5306,2.08771,-4.44108
5788,1,5307,2.08771,-4.44104
5789,1,5308,2.08771,-4.44104
5790,1,5309,2.08771,-4.44104
5791,1,5310,2.08777,-4.44107
5792,1,5311,2.08777,-4.44107
5793,1,5312,2.08777,-4.44107
5794,1,5313,2.08776,-4.4411
5795,1,5314,2.08777,-4.4411
5796,1,5315,2.08777,-4.4411
5797,1,5316,2.08777,-4.4411
5798,1,5317,2.08777,-4.44109
5799,1,5318,2.08777,-4.44109
5800,1,5319,2.08777,-4.44109
5801,1,5320,2.08777,-4.44109
5802,1,5321,2.08777,-4.44109
5803,1,5322,2.08777,-4.44109
5804,1,5323,2.08777,-4.44109
5805,1,5324,2.08777,-4.44109
5806,1,5325,2.08777,-4.44109
5807,1,5326,2.08777,-4.44109
5808,1,5327,2.08777,-4.44109
5809,1,5328,2.08776,-4.44107
5810,1,5329,2.08776,-4.44107
5811,1,5330,2.08776,-4.44107
5812,1,5331,2.08776,-4.44107
5813,1,5332,2.08776,-4.44107
5814,1,5333,2.08776,-4.44107
5815,1,5334,2.08776,-4.44107
5816,1,5335,2.08776,-4.44107
5817,1,5336,2.08776,-4.44107
5818,1,5337,2.08776,-4.44107
5819,1,5338,2.08776,-4.44107
5820,1,5339,2.08776,-4.44107
5821,1,5340,2.08775,-4.44101
5822,1,5341,2.08775,-4.44102
5823,1,5342,2.08776,-4.44107
5824,1,5343,2.08776,-4.44107
5825,1,5344,2.08776,-4.44107
5826,1,5345,2.08776,-4.44107
5827,1,5346,2.08776,-4.44107
5828,1,5347,2.08776,-4.44107
5829,1,5348,2.08776,-4.44107
5830,1,5349,2.08776,-4.44107
5831,1,5350,2.08776,-4.44107
5832,1,5351,2.08776,-4.44107
5833,1,5352,2.08777,-4.44108
5834,1,5353,2.08777,-4.44108
5835,1,5354,2.08777,-4.44108
5836,1,5355,2.08777,-4.44108
5837,1,5356,2.08777,-4.441
5838,1,5357,2.08778,-4.44101
5839,1,5358,2.08778,-4.44101
5840,1,5359,2.08783,-4.44104
5841,1,5360,2.08783,-4.44104
5842,1,5361,2.08783,-4.44104
5843,1,5362,2.08783,-4.44104
5844,1,5363,2.08783,-4.44104
5845,1,5364,2.08783,-4.44104
5846,1,5365,2.08783,-4.44104
5847,1,5366,2.08783,-4.44104
5848,1,5367,2.08783,-4.44104
5849,1,5368,2.08783,-4.44104
5850,1,5369,2.08783,-4.44104
5851,1,5370,2.08783,-4.44104
5852,1,5371,2.08783,-4.44104
5853,1,5372,2.08783,-4.44104
5854,1,5373,2.08783,-4.44104
5855,1,5374,2.08783,-4.44104
5856,1,5375,2.08783,-4.44104
5857,1,5376,2.08783,-4.44104
5858,1,5377,2.08783,-4.44104
5859,1,5378,2.08783,-4.44104
5860,1,5379,2.08783,-4.44104
5861,1,5380,2.08783,-4.44104
5862,1,5381,2.08783,-4.44104
5863,1,5382,2.08783,-4.44104
5864,1,5383,2.08783,-4.44104
5865,1,5384,2.08783,-4.44104
5866,1,5385,2.08783,-4.44106
5867,1,5386,2.08783,-4.44106
5868,1,5387,2.08783,-4.44106
5869,1,5388,2.08783,-4.44106
5870,1,5389,2.08783,-4.44106
5871,1,5390,2.08783,-4.44106
5872,1,5391,2.08783,-4.44106
5873,1,5392,2.08783,-4.44106
5874,1,5393,2.08783,-4.44107
5875,1,5394,2.08783,-4.44107
5876,1,5395,2.08783,-4.44107
5877,1,5396,2.08783,-4.44107
5878,1,5397,2.08783,-4.44107
5879,1,5398,2.08783,-4.44107
5880,1,5399,2.08783,-4.44107
5881,1,5400,2.08783,-4.44107
5882,1,5401,2.08783,-4.44107
5883,1,5402,2.08783,-4.44107
5884,1,5403,2.08783,-4.44107
5885,1,5404,2.08783,-4.44107
5886,1,5405,2.08783,-4.44107
5887,1,5406,2.08783,-4.44107
5888,1,5407,2.08783,-4.44107
5889,1,5408,2.08783,-4.44107
5890,1,5409,2.08783,-4.44107
5891,1,5410,2.08781,-4.44104
5892,1,5411,2.08781,-4.44104
5893,1,5412,2.08782,-4.44104
5894,1,5413,2.08782,-4.44104
5895,1,5414,2.08782,-4.44104
5896,1,5415,2.08782,-4.44104
5897,1,5416,2.08782,-4.44104
5898,1,5417,2.08782,-4.44104
5899,1,5418,2.08782,-4.44104
5900,1,5419,2.08782,-4.44104
5901,1,5420,2.08782,-4.44104
5902,1,5421,2.08782,-4.44104
5903,1,5422,2.08782,-4.44104
5904,1,5423,2.08782,-4.44104
5905,1,5424,2.08782,-4.44104
5906,1,5425,2.08782,-4.44104
5907,1,5426,2.08782,-4.44104
5908,1,5427,2.08782,-4.44104
5909,1,5428,2.08782,-4.44104
5910,1,5429,2.08782,-4.44104
5911,1,5430,2.08782,-4.44104
5912,1,5431,2.08783,-4.44104
5913,1,5432,2.08782,-4.44096
5914,1,5433,2.08782,-4.44098
5915,1,5434,2.08782,-4.44098
5916,1,5435,2.08783,-4.44104
5917,1,5436,2.08783,-4.44104
5918,1,5437,2.08783,-4.44104
5919,1,5438,2.08783,-4.44104
5920,1,5439,2.08783,-4.44104
5921,1,5440,2.08783,-4.44104
5922,1,5441,2.08783,-4.44104
5923,1,5442,2.08783,-4.44104
5924,1,5443,2.08783,-4.44104
5925,1,5444,2.08783,-4.44104
5926,1,5445,2.08783,-4.44104
5927,1,5446,2.08783,-4.44104
5928,1,5447,2.08783,-4.44104
5929,1,5448,2.08783,-4.44104
5930,1,5449,2.08783,-4.44104
5931,1,5450,2.08783,-4.44104
5932,1,5451,2.08783,-4.44105
5933,1,5452,2.08783,-4.44105
5934,1,5453,2.08783,-4.44105
5935,1,5454,2.08783,-4.44105
5936,1,5455,2.08783,-4.44105
5937,1,5456,2.08783,-4.44105
5938,1,5457,2.08783,-4.44104
5939,1,5458,2.08783,-4.44104
5940,1,5459,2.08783,-4.44104
5941,1,5460,2.08783,-4.44104
5942,1,5461,2.08783,-4.44104
5943,1,5462,2.08784,-4.44108
5944,1,5463,2.08784,-4.44108
5945,1,5464,2.08784,-4.44108
5946,1,5465,2.08784,-4.44105
5947,1,5466,2.08784,-4.44105
5948,1,5467,2.08784,-4.44105
5949,1,5468,2.08784,-4.44105
5950,1,5469,2.08784,-4.44105
5951,1,5470,2.08784,-4.44105
5952,1,5471,2.08784,-4.44105
5953,1,5472,2.08784,-4.44105
5954,1,5473,2.08784,-4.44105
5955,1,5474,2.08784,-4.44105
5956,1,5475,2.08784,-4.44105
5957,1,5476,2.08784,-4.44105
5958,1,5477,2.08784,-4.44105
5959,1,5478,2.08784,-4.44105
5960,1,5479,2.08784,-4.44105
5961,1,5480,2.08784,-4.44105
5962,1,5481,2.08784,-4.44105
5963,1,5482,2.08784,-4.44105
5964,1,5483,2.08784,-4.44105
5965,1,5484,2.08784,-4.44105
5966,1,5485,2.08784,-4.44105
5967,1,5486,2.08784,-4.44105
5968,1,5487,2.08783,-4.44105
5969,1,5488,2.08783,-4.44105
5970,1,5489,2.08784,-4.44106
5971,1,5490,2.08784,-4.44106
5972,1,5491,2.08784,-4.44106
5973,1,5492,2.08785,-4.44106
5974,1,5493,2.08785,-4.44106
5975,1,5494,2.08785,-4.44106
5976,1,5495,2.08785,-4.44106
5977,1,5496,2.08785,-4.44106
5978,1,5497,2.08785,-4.44106
5979,1,5498,2.08785,-4.44106
5980,1,5499,2.08783,-4.44101
5981,1,5500,2.08783,-4.441
5982,1,5501,2.08787,-4.44101
5983,1,5502,2.08787,-4.44101
5984,1,5503,2.08787,-4.44101
5985,1,5504,2.08787,-4.44101
5986,1,5505,2.08787,-4.44101
5987,1,5506,2.08787,-4.44101
5988,1,5507,2.08787,-4.44101
5989,1,5508,2.08787,-4.44101
5990,1,5509,2.08787,-4.44101
5991,1,5510,2.08788,-4.44101
5992,1,5511,2.08788,-4.44101
5993,1,5512,2.08788,-4.44101
5994,1,5513,2.08788,-4.44101
5995,1,5514,2.08788,-4.44101
5996,1,5515,2.08788,-4.44101
5997,1,5516,2.08788,-4.44101
5998,1,5517,2.08788,-4.44101
5999,1,5518,2.08788,-4.44101
