0,0,0,1.94157,2.30236
1,0,0,1.93276,2.30112
2,0,0,1.92286,2.29973
3,0,0,1.91295,2.29834
4,0,0,1.90305,2.29695
5,0,0,1.89315,2.29556
6,0,0,1.88325,2.29417
7,0,0,1.87334,2.29278
8,0,0,1.86344,2.29139
9,0,0,1.85354,2.29
10,0,0,1.84364,2.28861
11,0,0,1.83373,2.28722
12,0,0,1.82383,2.28582
13,0,0,1.81393,2.28443
14,0,0,1.80402,2.28304
15,0,0,1.79412,2.28165
16,0,0,1.78422,2.28026
17,0,0,1.77432,2.27887
18,0,0,1.76441,2.27748
19,0,0,1.75451,2.27609
20,0,0,1.74461,2.2747
21,0,0,1.7347,2.27331
22,0,0,1.7248,2.27192
23,0,0,1.7149,2.27053
24,0,0,1.705,2.26914
25,0,0,1.69509,2.26774
26,0,0,1.68519,2.26635
27,0,0,1.67529,2.26496
28,0,0,1.66538,2.26357
29,0,0,1.65548,2.26218
30,0,0,1.64558,2.26079
31,0,0,1.63568,2.2594
32,0,0,1.62577,2.25801
33,0,0,1.61587,2.25662
34,0,0,1.60597,2.25523
35,0,0,1.59607,2.25384
36,0,0,1.58616,2.25245
37,0,0,1.57626,2.25105
38,0,0,1.56636,2.24966
39,0,0,1.55645,2.24827
40,0,0,1.54655,2.24688
41,0,0,1.53665,2.24549
42,0,0,1.52675,2.2441
43,0,0,1.51684,2.24271
44,0,0,1.50694,2.24132
45,0,0,1.49704,2.23993
46,0,0,1.48713,2.23854
47,0,0,1.47723,2.23715
48,0,0,1.46733,2.23576
49,0,0,1.45743,2.23436
50,0,0,1.44752,2.23297
51,0,0,1.43762,2.23158
52,0,0,1.42772,2.23019
53,0,0,1.41781,2.2288
54,0,0,1.40791,2.22741
55,0,0,1.39801,2.22602
56,0,0,1.38811,2.22463
57,0,0,1.3782,2.22324
58,0,0,1.3683,2.22185
59,0,0,1.3584,2.22046
60,0,0,1.34849,2.21907
61,0,0,1.33859,2.21767
62,0,0,1.32869,2.21628
63,0,0,1.31879,2.21489
64,0,0,1.30888,2.2135
65,0,0,1.29898,2.21211
66,0,0,1.28908,2.21072
67,0,0,1.27918,2.20933
68,0,0,1.26927,2.20794
69,0,0,1.25937,2.20655
70,0,0,1.24947,2.20516
71,0,0,1.23956,2.20377
72,0,0,1.22966,2.20238
73,0,0,1.21976,2.20099
74,0,0,1.20986,2.19959
75,0,0,1.19995,2.1982
76,0,0,1.19005,2.19681
77,0,0,1.18015,2.19542
78,0,0,1.17024,2.19403
79,0,0,1.16034,2.19264
80,0,0,1.15044,2.19125
81,0,0,1.14054,2.18986
82,0,0,1.13063,2.18847
83,0,0,1.12073,2.18708
84,0,0,1.11083,2.18569
85,0,0,1.10092,2.1843
86,0,0,1.09102,2.1829
87,0,0,1.08112,2.18151
88,0,0,1.07122,2.18012
89,0,0,1.06131,2.17873
90,0,0,1.05141,2.17734
91,0,0,1.04151,2.17595
92,0,0,1.0316,2.17456
93,0,0,1.0217,2.17317
94,0,0,1.0118,2.17178
95,0,0,1.0019,2.17039
96,0,0,0.991994,2.169
97,0,0,0.982091,2.16761
98,0,0,0.972188,2.16621
99,0,0,0.962285,2.16482
100,0,0,0.952383,2.16343
101,0,0,0.94248,2.16204
102,0,0,0.932577,2.16065
103,0,0,0.922674,2.15926
104,0,0,0.912771,2.15787
105,0,0,0.902868,2.15648
106,0,0,0.892966,2.15509
107,0,0,0.883063,2.1537
108,0,0,0.87316,2.15231
109,0,0,0.863257,2.15092
110,0,0,0.853354,2.14952
111,0,0,0.843452,2.14813
112,0,0,0.833549,2.14674
113,0,0,0.823646,2.14535
114,0,0,0.813743,2.14396
115,0,0,0.80384,2.14257
116,0,0,0.793938,2.14118
117,0,0,0.784035,2.13979
118,0,0,0.774132,2.1384
119,0,0,0.764229,2.13701
120,0,0,0.754326,2.13562
121,0,0,0.744424,2.13423
122,0,0,0.734521,2.13283
123,0,0,0.724618,2.13144
124,0,0,0.714715,2.13005
125,0,0,0.704812,2.12866
126,0,0,0.694909,2.12727
127,0,0,0.685007,2.12588
128,0,0,0.675104,2.12449
129,0,0,0.665201,2.1231
130,0,0,0.655298,2.12171
131,0,0,0.645395,2.12032
132,0,0,0.635493,2.11893
133,0,0,0.62559,2.11754
134,0,0,0.615687,2.11615
135,0,0,0.605784,2.11475
136,0,0,0.595881,2.11336
137,0,0,0.585979,2.11197
138,0,0,0.576076,2.11058
139,0,0,0.566173,2.10919
140,0,0,0.55627,2.1078
141,0,0,0.546367,2.10641
142,0,0,0.536465,2.10502
143,0,0,0.526562,2.10363
144,0,0,0.516659,2.10224
145,0,0,0.506756,2.10085
146,0,0,0.496853,2.09946
147,0,0,0.486951,2.09806
148,0,0,0.477048,2.09667
149,0,0,0.467145,2.09528
150,0,0,0.457242,2.09389
151,0,0,0.447339,2.0925
152,0,0,0.437436,2.09111
153,0,0,0.427534,2.08972
154,0,0,0.417631,2.08833
155,0,0,0.407728,2.08694
156,0,0,0.397825,2.08555
157,0,0,0.387922,2.08416
158,0,0,0.37802,2.08277
159,0,0,0.368117,2.08137
160,0,0,0.358214,2.07998
161,0,0,0.348311,2.07859
162,0,0,0.338408,2.0772
163,0,0,0.328506,2.07581
164,0,0,0.318603,2.07442
165,0,0,0.3087,2.07303
166,0,0,0.298797,2.07164
167,0,0,0.288894,2.07025
168,0,0,0.278992,2.06886
169,0,0,0.269089,2.06747
170,0,0,0.259186,2.06608
171,0,0,0.249283,2.06468
172,0,0,0.23938,2.06329
173,0,0,0.229477,2.0619
174,0,0,0.219575,2.06051
175,0,0,0.209672,2.05912
176,0,0,0.199769,2.05773
177,0,0,0.189866,2.05634
178,0,0,0.179963,2.05495
179,0,0,0.170061,2.05356
180,0,0,0.160158,2.05217
181,0,0,0.150255,2.05078
182,0,0,0.140352,2.04939
183,0,0,0.130449,2.04799
184,0,0,0.120547,2.0466
185,0,0,0.110644,2.04521
186,0,0,0.100741,2.04382
187,0,0,0.0908382,2.04243
188,0,0,0.0809353,2.04104
189,0,0,0.0710325,2.03965
190,0,0,0.0611297,2.03826
191,0,0,0.0512269,2.03687
192,0,0,0.0413241,2.03548
193,0,0,0.0314213,2.03409
194,0,0,0.0215185,2.0327
195,0,0,0.0116157,2.03131
196,0,0,0.00171287,2.02991
197,0,0,-0.00818993,2.02852
198,0,0,-0.0180927,2.02713
199,0,0,-0.0279956,2.02574
200,0,0,-0.0378984,2.02435
201,0,0,-0.0478012,2.02296
202,0,0,-0.057704,2.02157
203,0,0,-0.0676068,2.02018
204,0,0,-0.0775096,2.01879
205,0,0,-0.0874124,2.0174
206,0,0,-0.0973152,2.01601
207,0,0,-0.107218,2.01462
208,0,0,-0.117121,2.01322
209,0,0,-0.127024,2.01183
210,0,0,-0.136926,2.01044
211,0,0,-0.146829,2.00905
212,0,0,-0.156732,2.00766
213,0,0,-0.166635,2.00627
214,0,0,-0.176538,2.00488
215,0,0,-0.18644,2.00349
216,0,0,-0.196343,2.0021
217,0,0,-0.206246,2.00071
218,0,0,-0.216149,1.99932
219,0,0,-0.226052,1.99793
220,0,0,-0.235955,1.99653
221,0,0,-0.245857,1.99514
222,0,0,-0.25576,1.99375
223,0,0,-0.265663,1.99236
224,0,0,-0.275566,1.99097
225,0,0,-0.285469,1.98958
226,0,0,-0.295371,1.98819
227,0,0,-0.305274,1.9868
228,0,0,-0.315177,1.98541
229,0,0,-0.32508,1.98402
230,0,0,-0.334983,1.98263
231,0,0,-0.344885,1.98124
232,0,0,-0.354788,1.97984
233,0,0,-0.364691,1.97845
234,0,0,-0.374594,1.97706
235,0,0,-0.384497,1.97567
236,0,0,-0.394399,1.97428
237,0,0,-0.404302,1.97289
238,0,0,-0.414205,1.9715
239,0,0,-0.424108,1.97011
240,0,0,-0.434011,1.96872
241,0,0,-0.443914,1.96733
242,0,0,-0.453816,1.96594
243,0,0,-0.463719,1.96455
244,0,0,-0.473622,1.96315
245,0,0,-0.483525,1.96176
246,0,0,-0.493428,1.96037
247,0,0,-0.50333,1.95898
248,0,0,-0.513233,1.95759
249,0,0,-0.523136,1.9562
250,0,0,-0.533039,1.95481
251,0,0,-0.542942,1.95342
252,0,0,-0.552844,1.95203
253,0,0,-0.562747,1.95064
254,0,0,-0.57265,1.94925
255,0,0,-0.582553,1.94786
256,0,0,-0.592456,1.94647
257,0,0,-0.602358,1.94507
258,0,0,-0.612261,1.94368
259,0,0,-0.622164,1.94229
260,0,0,-0.632067,1.9409
261,0,0,-0.64197,1.93951
262,0,0,-0.651873,1.93812
263,0,0,-0.661775,1.93673
264,0,0,-0.671678,1.93534
265,0,0,-0.681581,1.93395
266,0,0,-0.691484,1.93256
267,0,0,-0.701387,1.93117
268,0,0,-0.711289,1.92978
269,0,0,-0.721192,1.92838
270,0,0,-0.731095,1.92699
271,0,0,-0.740998,1.9256
272,0,0,-0.750901,1.92421
273,0,0,-0.760803,1.92282
274,0,0,-0.770706,1.92143
275,0,0,-0.780609,1.92004
276,0,0,-0.790512,1.91865
277,0,0,-0.800415,1.91726
278,0,0,-0.810317,1.91587
279,0,0,-0.82022,1.91448
280,0,0,-0.830123,1.91309
281,0,0,-0.840026,1.91169
282,0,0,-0.849929,1.9103
283,0,0,-0.859831,1.90891
284,0,0,-0.869734,1.90752
285,0,0,-0.879637,1.90613
286,0,0,-0.88954,1.90474
287,0,0,-0.899443,1.90335
288,0,0,-0.909346,1.90196
289,0,0,-0.919248,1.90057
290,0,0,-0.929151,1.89918
291,0,0,-0.939054,1.89779
292,0,0,-0.948957,1.8964
293,0,0,-0.95886,1.895
294,0,0,-0.968762,1.89361
295,0,0,-0.978665,1.89222
296,0,0,-0.988568,1.89083
297,0,0,-0.998471,1.88944
298,0,0,-1.00837,1.88805
299,0,0,-1.01828,1.88666
300,0,0,-1.02818,1.88527
301,0,0,-1.03808,1.88388
302,0,0,-1.04798,1.88249
303,0,0,-1.05789,1.8811
304,0,0,-1.06779,1.87971
305,0,0,-1.07769,1.87832
306,0,0,-1.0876,1.87692
307,0,0,-1.0975,1.87553
308,0,0,-1.1074,1.87414
309,0,0,-1.1173,1.87275
310,0,0,-1.12721,1.87136
311,0,0,-1.13711,1.86997
312,0,0,-1.14701,1.86858
313,0,0,-1.15692,1.86719
314,0,0,-1.16682,1.8658
315,0,0,-1.17672,1.86441
316,0,0,-1.18662,1.86302
317,0,0,-1.19653,1.86163
318,0,0,-1.20643,1.86023
319,0,0,-1.21633,1.85884
320,0,0,-1.22624,1.85745
321,0,0,-1.23614,1.85606
322,0,0,-1.24604,1.85467
323,0,0,-1.25594,1.85328
324,0,0,-1.26585,1.85189
325,0,0,-1.27575,1.8505
326,0,0,-1.28565,1.84911
327,0,0,-1.29556,1.84772
328,0,0,-1.30546,1.84633
329,0,0,-1.31536,1.84494
330,0,0,-1.32526,1.84354
331,0,0,-1.33517,1.84215
332,0,0,-1.34507,1.84076
333,0,0,-1.35497,1.83937
334,0,0,-1.36487,1.83798
335,0,0,-1.37478,1.83659
336,0,0,-1.38468,1.8352
337,0,0,-1.39458,1.83381
338,0,0,-1.40449,1.83242
339,0,0,-1.41439,1.83103
340,0,0,-1.42429,1.82964
341,0,0,-1.43419,1.82825
342,0,0,-1.4441,1.82685
343,0,0,-1.454,1.82546
344,0,0,-1.4639,1.82407
345,0,0,-1.47381,1.82268
346,0,0,-1.48371,1.82129
347,0,0,-1.49361,1.8199
348,0,0,-1.50351,1.81851
349,0,0,-1.51342,1.81712
350,0,0,-1.52332,1.81573
351,0,0,-1.53322,1.81434
352,0,0,-1.54313,1.81295
353,0,0,-1.55303,1.81156
354,0,0,-1.56293,1.81016
355,0,0,-1.57283,1.80877
356,0,0,-1.58274,1.80738
357,0,0,-1.59264,1.80599
358,0,0,-1.60254,1.8046
359,0,0,-1.61244,1.80321
360,0,0,-1.62235,1.80182
361,0,0,-1.63225,1.80043
362,0,0,-1.64215,1.79904
363,0,0,-1.65206,1.79765
364,0,0,-1.66196,1.79626
365,0,0,-1.67186,1.79487
366,0,0,-1.68176,1.79348
367,0,0,-1.69167,1.79208
368,0,0,-1.70157,1.79069
369,0,0,-1.71147,1.7893
370,0,0,-1.72138,1.78791
371,0,0,-1.73128,1.78652
372,0,0,-1.74118,1.78513
373,0,0,-1.75108,1.78374
374,0,0,-1.76099,1.78235
375,0,0,-1.77089,1.78096
376,0,0,-1.78079,1.77957
377,0,0,-1.7907,1.77818
378,0,0,-1.8006,1.77679
379,0,0,-1.8105,1.77539
380,0,0,-1.8204,1.774
381,0,0,-1.83031,1.77261
382,0,0,-1.84021,1.77122
383,0,0,-1.85011,1.76983
384,0,0,-1.86002,1.76844
385,0,0,-1.86992,1.76705
386,0,0,-1.87982,1.76566
387,0,0,-1.88972,1.76427
388,0,0,-1.89963,1.76288
389,0,0,-1.90953,1.76149
390,0,0,-1.91943,1.7601
391,0,0,-1.92933,1.7587
392,0,0,-1.93924,1.75731
393,0,0,-1.94914,1.75592
394,0,0,-1.95904,1.75453
395,0,0,-1.96895,1.75314
396,0,0,-1.97885,1.75175
397,0,0,-1.98875,1.75036
398,0,0,-1.99865,1.74897
399,0,0,-2.00856,1.74758
400,0,0,-2.01846,1.74619
401,0,0,-2.02836,1.7448
402,0,0,-2.03827,1.74341
403,0,0,-2.04817,1.74201
404,0,0,-2.05807,1.74062
405,0,0,-2.06797,1.73923
406,0,0,-2.07788,1.73784
407,0,0,-2.08778,1.73645
408,0,0,-2.09768,1.73506
409,0,0,-2.10759,1.73367
410,0,0,-2.11749,1.73228
411,0,0,-2.12739,1.73089
412,0,0,-2.13729,1.7295
413,0,0,-2.1472,1.72811
414,0,0,-2.1571,1.72672
415,0,0,-2.167,1.72532
416,0,0,-2.17691,1.72393
417,0,0,-2.18681,1.72254
418,0,0,-2.19671,1.72115
419,0,0,-2.20661,1.71976
420,0,0,-2.21652,1.71837
421,0,0,-2.22642,1.71698
422,0,0,-2.23632,1.71559
423,0,0,-2.24622,1.7142
424,0,0,-2.25613,1.71281
425,0,0,-2.26603,1.71142
426,0,0,-2.27593,1.71003
427,0,0,-2.28584,1.70864
428,0,0,-2.29574,1.70724
429,0,0,-2.30564,1.70585
430,0,0,-2.31554,1.70446
431,0,0,-2.32545,1.70307
432,0,0,-2.33535,1.70168
433,0,0,-2.34525,1.70029
434,0,0,-2.35516,1.6989
435,0,0,-2.36506,1.69751
436,0,0,-2.37496,1.69612
437,0,0,-2.38486,1.69473
438,0,0,-2.39477,1.69334
439,0,0,-2.40467,1.69195
440,0,0,-2.41457,1.69055
441,0,0,-2.42448,1.68916
442,0,0,-2.43438,1.68777
443,0,0,-2.44428,1.68638
444,0,0,-2.45418,1.68499
445,0,0,-2.46409,1.6836
446,0,0,-2.47399,1.68221
447,0,0,-2.48389,1.68082
448,0,0,-2.49379,1.67943
449,0,0,-2.5037,1.67804
450,0,0,-2.5136,1.67665
451,0,0,-2.5235,1.67526
452,0,0,-2.53341,1.67386
453,0,0,-2.54331,1.67247
454,0,0,-2.55321,1.67108
455,0,0,-2.56311,1.66969
456,0,0,-2.57302,1.6683
457,0,0,-2.58292,1.66691
458,0,0,-2.59282,1.66552
459,0,0,-2.60273,1.66413
460,0,0,-2.61263,1.66274
461,0,0,-2.62253,1.66135
462,0,0,-2.63243,1.65996
463,0,0,-2.64234,1.65857
464,0,0,-2.65224,1.65717
465,0,0,-2.66214,1.65578
466,0,0,-2.67205,1.65439
467,0,0,-2.68195,1.653
468,0,0,-2.69185,1.65161
469,0,0,-2.70175,1.65022
470,0,0,-2.71166,1.64883
471,0,0,-2.72156,1.64744
472,0,0,-2.73146,1.64605
473,0,0,-2.74137,1.64466
474,0,0,-2.75127,1.64327
475,0,0,-2.76117,1.64188
476,0,0,-2.77107,1.64048
477,0,0,-2.78098,1.63909
478,0,0,-2.79088,1.6377
479,0,0,-2.80078,1.63631
480,0,0,-2.81068,1.63492
481,0,0,-2.82059,1.63353
482,0,0,-2.83049,1.63214
483,0,0,-2.84039,1.63075
484,0,0,-2.8503,1.62936
485,0,0,-2.8602,1.62797
486,0,0,-2.8701,1.62658
487,0,0,-2.88,1.62519
488,0,0,-2.88991,1.6238
489,0,0,-2.89981,1.6224
490,0,0,-2.90971,1.62101
491,0,0,-2.91962,1.61962
492,0,0,-2.92952,1.61823
493,0,0,-2.93942,1.61684
494,0,0,-2.94932,1.61545
495,0,0,-2.95923,1.61406
496,0,0,-2.96913,1.61267
497,0,0,-2.97903,1.61128
498,0,0,-2.98894,1.60989
499,0,0,-2.99884,1.6085
500,0,0,-3.00874,1.60711
501,0,0,-3.01864,1.60571
502,0,0,-3.02855,1.60432
503,0,0,-3.03845,1.60293
504,0,0,-3.04835,1.60154
505,0,0,-3.05826,1.60015
506,0,0,-3.06816,1.59876
507,0,0,-3.07806,1.59737
508,0,0,-3.08796,1.59598
509,0,0,-3.09787,1.59459
510,0,0,-3.10777,1.5932
511,0,0,-3.11767,1.59181
512,0,0,-3.12757,1.59042
513,0,0,-3.13748,1.58902
514,0,0,-3.14738,1.58763
515,0,0,-3.15728,1.58624
516,0,0,-3.16719,1.58485
517,0,0,-3.17709,1.58346
518,0,0,-3.18699,1.58207
519,0,0,-3.19689,1.58068
520,0,0,-3.2068,1.57929
521,0,0,-3.2167,1.5779
522,0,0,-3.2266,1.57651
523,0,0,-3.23651,1.57512
524,0,0,-3.24641,1.57373
525,0,0,-3.25631,1.57233
526,0,0,-3.26621,1.57094
527,0,0,-3.27612,1.56955
528,0,0,-3.28602,1.56816
529,0,0,-3.29592,1.56677
530,0,0,-3.30583,1.56538
531,0,0,-3.31573,1.56399
532,0,0,-3.32563,1.5626
533,0,0,-3.33553,1.56121
534,0,0,-3.34544,1.55982
535,0,0,-3.35534,1.55843
536,0,0,-3.36524,1.55704
537,0,0,-3.37514,1.55565
538,0,0,-3.38505,1.55425
539,0,0,-3.39495,1.55286
540,0,0,-3.40485,1.55147
541,0,0,-3.41476,1.55008
542,0,0,-3.42466,1.54869
543,0,0,-3.43456,1.5473
544,0,0,-3.44446,1.54591
545,0,0,-3.45437,1.54452
546,0,0,-3.46427,1.54313
547,0,0,-3.47417,1.54174
548,0,0,-3.48408,1.54035
549,0,0,-3.49398,1.53896
550,0,0,-3.50388,1.53756
551,0,0,-3.51378,1.53617
552,0,0,-3.52369,1.53478
553,0,0,-3.53359,1.53339
554,0,0,-3.54349,1.532
555,0,0,-3.5534,1.53061
556,0,0,-3.5633,1.52922
557,0,0,-3.5732,1.52783
558,0,0,-3.5831,1.52644
559,0,0,-3.59301,1.52505
560,0,0,-3.60291,1.52366
561,0,0,-3.61281,1.52227
562,0,0,-3.62272,1.52087
563,0,0,-3.63262,1.51948
564,0,0,-3.64252,1.51809
565,0,0,-3.65242,1.5167
566,0,0,-3.66233,1.51531
567,0,0,-3.67223,1.51392
568,0,0,-3.68213,1.51253
569,0,0,-3.69203,1.51114
570,0,0,-3.70194,1.50975
571,0,0,-3.71184,1.50836
572,0,0,-3.72174,1.50697
573,0,0,-3.73165,1.50558
574,0,0,-3.74155,1.50418
575,0,0,-3.75145,1.50279
576,0,0,-3.76135,1.5014
577,0,0,-3.77126,1.50001
578,0,0,-3.78116,1.49862
579,0,0,-3.79106,1.49723
580,0,0,-3.80097,1.49584
581,0,0,-3.81087,1.49445
582,0,0,-3.82077,1.49306
583,0,0,-3.83067,1.49167
584,0,0,-3.84058,1.49028
585,0,0,-3.85048,1.48889
586,0,0,-3.86038,1.48749
587,0,0,-3.87029,1.4861
588,0,0,-3.88019,1.48471
589,0,0,-3.89009,1.48332
590,0,0,-3.89999,1.48193
591,0,0,-3.9099,1.48054
592,0,0,-3.9198,1.47915
593,0,0,-3.9297,1.47776
594,0,0,-3.93961,1.47637
595,0,0,-3.94951,1.47498
596,0,0,-3.95941,1.47359
597,0,0,-3.96931,1.4722
598,0,0,-3.97922,1.47081
599,0,0,-3.98912,1.46941
600,0,0,-3.99902,1.46802
601,0,0,-4.00892,1.46663
602,0,0,-4.01883,1.46524
603,0,0,-4.02873,1.46385
604,0,0,-4.03863,1.46246
605,0,0,-4.04854,1.46107
606,0,0,-4.05844,1.45968
607,0,0,-4.06834,1.45829
608,0,0,-4.07824,1.4569
609,0,0,-4.08815,1.45551
610,0,0,-4.09805,1.45412
611,0,0,-4.10795,1.45272
612,0,0,-4.11786,1.45133
613,0,0,-4.12776,1.44994
614,0,0,-4.13766,1.44855
615,0,0,-4.14756,1.44716
616,0,0,-4.15747,1.44577
617,0,0,-4.16737,1.44438
618,0,0,-4.17727,1.44299
619,0,0,-4.18718,1.4416
620,0,0,-4.19708,1.44021
621,0,0,-4.20698,1.43882
622,0,0,-4.21688,1.43743
623,0,0,-4.22679,1.43603
624,0,0,-4.22788,1.43588
625,0,0,-4.22788,1.43588
626,0,0,-4.22788,1.43588
627,0,0,-4.22788,1.43588
628,0,0,-4.22788,1.43588
629,0,0,-4.22788,1.43588
630,0,0,-4.22788,1.43588
631,0,0,-4.22788,1.43588
632,0,0,-4.22788,1.43588
633,0,0,-4.22788,1.43588
634,0,0,-4.22788,1.43588
635,0,0,-4.22788,1.43588
636,0,0,-4.22788,1.43588
637,0,0,-4.22788,1.43588
638,0,0,-4.22788,1.43588
639,0,0,-4.22788,1.43588
640,0,0,-4.22788,1.43588
641,0,0,-4.22788,1.43588
642,0,0,-4.22788,1.43588
643,0,0,-4.22788,1.43588
644,0,0,-4.22788,1.43588
645,0,0,-4.22788,1.43588
646,0,0,-4.21906,1.437
647,0,0,-4.21796,1.43714
648,0,0,-4.21796,1.43714
649,0,0,-4.21796,1.43714
650,0,0,-4.21798,1.43715
651,0,0,-4.21798,1.43715
652,0,0,-4.21798,1.43715
653,0,0,-4.218,1.43714
654,0,0,-4.21807,1.4371
655,0,0,-4.21808,1.4371
656,0,0,-4.21808,1.4371
657,0,0,-4.21808,1.4371
658,0,0,-4.21808,1.4371
659,0,0,-4.21808,1.4371
660,0,0,-4.21808,1.4371
661,0,0,-4.2181,1.43709
662,0,0,-4.2181,1.43709
663,0,0,-4.2181,1.43709
664,0,0,-4.22551,1.44201
665,0,0,-4.2231,1.44257
666,0,0,-4.22268,1.44256
667,0,0,-4.22268,1.44256
668,0,0,-4.22265,1.44252
669,0,0,-4.22265,1.44251
670,0,0,-4.22265,1.44251
671,0,0,-4.22265,1.44251
672,0,0,-4.22265,1.44251
673,0,0,-4.22265,1.44251
674,0,0,-4.22265,1.44251
675,0,0,-4.22358,1.43631
676,0,0,-4.22217,1.43531
677,0,0,-4.22085,1.43524
678,0,0,-4.22003,1.43518
679,0,0,-4.21968,1.43514
680,0,0,-4.21966,1.43514
681,0,0,-4.21966,1.43514
682,0,0,-4.21966,1.43514
683,0,0,-4.21966,1.43514
684,0,0,-4.21966,1.43514
685,0,0,-4.21966,1.43514
686,0,0,-4.21409,1.43046
687,0,0,-4.21404,1.43076
688,0,0,-4.21424,1.43185
689,0,0,-4.21561,1.43277
690,0,0,-4.21612,1.43463
691,0,0,-4.21644,1.43617
692,0,0,-4.21647,1.43631
693,0,0,-4.21647,1.43631
694,0,0,-4.21647,1.43631
695,0,0,-4.21653,1.43634
696,0,0,-4.21658,1.43636
697,0,0,-4.21658,1.43636
698,0,0,-4.21658,1.43636
699,0,0,-4.21658,1.43636
700,0,0,-4.21658,1.43636
701,0,0,-4.21278,1.4444
702,0,0,-4.21231,1.4454
703,0,0,-4.21231,1.4454
704,0,0,-4.21231,1.4454
705,0,0,-4.21246,1.44496
706,0,0,-4.2128,1.44398
707,0,0,-4.21302,1.44332
708,0,0,-4.2131,1.44308
709,0,0,-4.21311,1.44307
710,0,0,-4.21294,1.44286
711,0,0,-4.21302,1.4424
712,0,0,-4.21303,1.44236
713,1,1,-4.21303,1.44236
714,1,2,-4.21303,1.44236
715,1,3,-4.21303,1.44236
716,1,4,-4.21303,1.44236
717,1,5,-4.21303,1.44236
718,1,6,-4.21303,1.44236
719,1,7,-4.21303,1.44236
720,1,8,-4.21303,1.44236
721,1,9,-4.21303,1.44236
722,1,10,-4.21303,1.44236
723,1,11,-4.21303,1.44236
724,1,12,-4.21303,1.44236
725,1,13,-4.21303,1.44236
726,1,14,-4.21259,1.44282
727,1,15,-4.2128,1.44534
728,1,16,-4.20573,1.44543
729,1,17,-4.2019,1.44788
730,1,18,-4.19946,1.45067
731,1,19,-4.19922,1.45094
732,1,20,-4.19922,1.45094
733,1,21,-4.19922,1.45094
734,1,22,-4.19922,1.45094
735,1,23,-4.19919,1.45077
736,1,24,-4.19895,1.44939
737,1,25,-4.19886,1.44873
738,1,26,-4.19886,1.44869
739,1,27,-4.19886,1.44869
740,1,28,-4.19886,1.44869
741,1,29,-4.19886,1.44869
742,1,30,-4.19886,1.44869
743,1,31,-4.19886,1.44869
744,1,32,-4.19886,1.44869
745,1,33,-4.19886,1.44869
746,1,34,-4.19886,1.44869
747,1,35,-4.19886,1.44869
748,1,36,-4.19886,1.44869
749,1,37,-4.19886,1.44869
750,1,38,-4.19898,1.44925
751,1,39,-4.19898,1.44925
752,1,40,-4.19898,1.44925
753,1,41,-4.19898,1.44925
754,1,42,-4.19898,1.44922
755,1,43,-4.19898,1.44922
756,1,44,-4.20587,1.45202
757,1,45,-4.20728,1.45098
758,1,46,-4.20766,1.44973
759,1,47,-4.20794,1.44893
760,1,48,-4.2081,1.44853
761,1,49,-4.20811,1.44851
762,1,50,-4.20811,1.44851
763,1,51,-4.20811,1.44851
764,1,52,-4.20811,1.44851
765,1,53,-4.20811,1.44851
766,1,54,-4.20811,1.44851
767,1,55,-4.20811,1.44851
768,1,56,-4.20811,1.44851
769,1,57,-4.20811,1.44851
770,1,58,-4.20837,1.44828
771,1,59,-4.20848,1.44819
772,1,60,-4.20838,1.4483
773,1,61,-4.20837,1.44832
774,1,62,-4.20837,1.44832
775,1,63,-4.20837,1.44832
776,1,64,-4.20837,1.44832
777,1,65,-4.20837,1.44832
778,1,66,-4.20837,1.44832
779,1,67,-4.20837,1.44832
780,1,68,-4.20837,1.44832
781,1,69,-4.20031,1.44455
782,1,70,-4.19931,1.44408
783,1,71,-4.19931,1.44408
784,1,72,-4.19931,1.44408
785,1,73,-4.19931,1.44408
786,1,74,-4.19931,1.44408
787,1,75,-4.19931,1.44408
788,1,76,-4.19931,1.44408
789,1,77,-4.19878,1.44416
790,1,78,-4.19499,1.44905
791,1,79,-4.19462,1.44959
792,1,80,-4.19462,1.44959
793,1,81,-4.19462,1.44959
794,1,82,-4.19462,1.44959
795,1,83,-4.19462,1.44959
796,1,84,-4.19462,1.44959
797,1,85,-4.19471,1.44958
798,1,86,-4.19471,1.44958
799,1,87,-4.19471,1.44958
800,1,88,-4.19471,1.44958
801,1,89,-4.19471,1.44958
802,1,90,-4.19471,1.44958
803,1,91,-4.19471,1.44958
804,1,92,-4.19494,1.44964
805,1,93,-4.19568,1.44985
806,1,94,-4.19657,1.45014
807,1,95,-4.19687,1.45025
808,1,96,-4.19688,1.45025
809,1,97,-4.19688,1.45025
810,1,98,-4.19688,1.45025
811,1,99,-4.19565,1.44983
812,1,100,-4.19408,1.44927
813,1,101,-4.19318,1.44892
814,1,102,-4.19278,1.44874
815,1,103,-4.19202,1.44836
816,1,104,-4.19177,1.44822
817,1,105,-4.19177,1.44822
818,1,106,-4.19177,1.44822
819,1,107,-4.19183,1.43933
820,1,108,-4.19184,1.43822
821,1,109,-4.19184,1.43822
822,1,110,-4.19184,1.43822
823,1,111,-4.19184,1.43822
824,1,112,-4.19184,1.43822
825,1,113,-4.19184,1.43822
826,1,114,-4.19184,1.43822
827,1,115,-4.19148,1.43765
828,1,116,-4.19148,1.43765
829,1,117,-4.19148,1.43765
830,1,118,-4.19155,1.43773
831,1,119,-4.19156,1.43774
832,1,120,-4.19156,1.43774
833,1,121,-4.19156,1.43774
834,1,122,-4.19156,1.43774
835,1,123,-4.19156,1.43774
836,1,124,-4.19156,1.43774
837,1,125,-4.19156,1.43774
838,1,126,-4.19156,1.43774
839,1,127,-4.19156,1.43774
840,1,128,-4.19156,1.43774
841,1,129,-4.19156,1.43774
842,1,130,-4.19156,1.43774
843,1,131,-4.19156,1.43774
844,1,132,-4.19156,1.43774
845,1,133,-4.19164,1.43877
846,1,134,-4.19169,1.43953
847,1,135,-4.19737,1.44558
848,1,136,-4.19795,1.44595
849,1,137,-4.19795,1.44595
850,1,138,-4.19795,1.44595
851,1,139,-4.19795,1.44595
852,1,140,-4.19795,1.44595
853,1,141,-4.19795,1.44595
854,1,142,-4.19795,1.44595
855,1,143,-4.19795,1.44595
856,1,144,-4.19795,1.44595
857,1,145,-4.19795,1.44595
858,1,146,-4.19795,1.44595
859,1,147,-4.19795,1.44595
860,1,148,-4.19795,1.44595
861,1,149,-4.19795,1.44595
862,1,150,-4.19795,1.44595
863,1,151,-4.19795,1.44595
864,1,152,-4.19795,1.44595
865,1,153,-4.19795,1.44595
866,1,154,-4.19795,1.44595
867,1,155,-4.19788,1.44611
868,1,156,-4.19733,1.44728
869,1,157,-4.1965,1.44897
870,1,158,-4.19558,1.45071
871,1,159,-4.19482,1.452
872,1,160,-4.19424,1.45289
873,1,161,-4.1939,1.45335
874,1,162,-4.19389,1.45337
875,1,163,-4.18509,1.45207
876,1,164,-4.184,1.45191
877,1,165,-4.184,1.45191
878,1,166,-4.184,1.45191
879,1,167,-4.184,1.45191
880,1,168,-4.18324,1.45243
881,1,169,-4.18103,1.45389
882,1,170,-4.1797,1.45475
883,1,171,-4.1797,1.45475
884,1,172,-4.1797,1.45475
885,1,173,-4.1797,1.45475
886,1,174,-4.1797,1.45475
887,1,175,-4.1797,1.45475
888,1,176,-4.1797,1.45475
889,1,177,-4.1798,1.45174
890,1,178,-4.17981,1.45125
891,1,179,-4.18,1.44811
892,1,180,-4.18002,1.44706
893,1,181,-4.18029,1.44395
894,1,182,-4.18113,1.43758
895,1,183,-4.1814,1.43138
896,1,184,-4.18057,1.42428
897,1,185,-4.17896,1.41661
898,1,186,-4.17677,1.40855
899,1,187,-4.17421,1.40039
900,1,188,-4.17154,1.3929
901,1,189,-4.16919,1.38639
902,1,190,-4.16898,1.38566
903,1,191,-4.17265,1.3777
904,1,192,-4.17319,1.37647
905,1,193,-4.17319,1.37647
906,1,194,-4.17319,1.37647
907,1,195,-4.17319,1.37647
908,1,196,-4.17319,1.37647
909,1,197,-4.17571,1.36795
910,1,198,-4.17842,1.35832
911,0,198,-4.18112,1.34869
912,0,198,-4.18382,1.33906
913,0,198,-4.18651,1.32943
914,0,198,-4.18921,1.3198
915,0,198,-4.19191,1.31018
916,0,198,-4.19461,1.30055
917,0,198,-4.19731,1.29092
918,0,198,-4.20001,1.28129
919,0,198,-4.20271,1.27166
920,0,198,-4.2054,1.26203
921,0,198,-4.2081,1.2524
922,0,198,-4.2108,1.24277
923,0,198,-4.2135,1.23314
924,0,198,-4.2162,1.22351
925,0,198,-4.2189,1.21388
926,0,198,-4.22159,1.20426
927,0,198,-4.22429,1.19463
928,0,198,-4.22699,1.185
929,0,198,-4.22969,1.17537
930,0,198,-4.23239,1.16574
931,0,198,-4.23509,1.15611
932,0,198,-4.23778,1.14648
933,0,198,-4.24048,1.13685
934,0,198,-4.24318,1.12722
935,0,198,-4.24588,1.11759
936,0,198,-4.24858,1.10797
937,0,198,-4.25128,1.09834
938,0,198,-4.25398,1.08871
939,0,198,-4.25667,1.07908
940,0,198,-4.25937,1.06945
941,0,198,-4.26207,1.05982
942,0,198,-4.26477,1.05019
943,0,198,-4.26747,1.04056
944,0,198,-4.27017,1.03093
945,0,198,-4.27286,1.0213
946,0,198,-4.27556,1.01168
947,0,198,-4.27826,1.00205
948,0,198,-4.28096,0.992417
949,0,198,-4.28366,0.982788
950,0,198,-4.28636,0.973159
951,0,198,-4.28906,0.96353
952,0,198,-4.29175,0.953901
953,0,198,-4.29445,0.944272
954,0,198,-4.29715,0.934643
955,0,198,-4.29985,0.925014
956,0,198,-4.30255,0.915385
957,0,198,-4.30525,0.905756
958,0,198,-4.30794,0.896127
959,0,198,-4.31064,0.886498
960,0,198,-4.31334,0.876868
961,0,198,-4.31604,0.867239
962,0,198,-4.31874,0.85761
963,0,198,-4.32144,0.847981
964,0,198,-4.32414,0.838352
965,0,198,-4.32683,0.828723
966,0,198,-4.32953,0.819094
967,0,198,-4.33223,0.809465
968,0,198,-4.33493,0.799836
969,0,198,-4.33763,0.790207
970,0,198,-4.34033,0.780578
971,0,198,-4.34302,0.770949
972,0,198,-4.34572,0.76132
973,0,198,-4.34842,0.751691
974,0,198,-4.35112,0.742062
975,0,198,-4.35382,0.732433
976,0,198,-4.35652,0.722804
977,0,198,-4.35921,0.713175
978,0,198,-4.36191,0.703546
979,0,198,-4.36461,0.693917
980,0,198,-4.36731,0.684288
981,0,198,-4.37001,0.674659
982,0,198,-4.37271,0.66503
983,0,198,-4.37541,0.655401
984,0,198,-4.3781,0.645772
985,0,198,-4.3808,0.636142
986,0,198,-4.3835,0.626513
987,0,198,-4.3862,0.616884
988,0,198,-4.3889,0.607255
989,0,198,-4.3916,0.597626
990,0,198,-4.39429,0.587997
991,0,198,-4.39699,0.578368
992,0,198,-4.39969,0.568739
993,0,198,-4.40239,0.55911
994,0,198,-4.40509,0.549481
995,0,198,-4.40779,0.539852
996,0,198,-4.41049,0.530223
997,0,198,-4.41318,0.520594
998,0,198,-4.41588,0.510965
999,0,198,-4.41858,0.501336
1000,0,198,-4.42128,0.491707
1001,0,198,-4.42398,0.482078
1002,0,198,-4.42668,0.472449
1003,0,198,-4.42937,0.46282
1004,0,198,-4.43207,0.453191
1005,0,198,-4.43477,0.443562
1006,0,198,-4.43747,0.433933
1007,0,198,-4.44017,0.424304
1008,0,198,-4.44287,0.414675
1009,0,198,-4.44556,0.405046
1010,0,198,-4.44826,0.395416
1011,0,198,-4.45096,0.385787
1012,0,198,-4.45366,0.376158
1013,0,198,-4.45636,0.366529
1014,0,198,-4.45906,0.3569
1015,0,198,-4.46176,0.347271
1016,0,198,-4.46445,0.337642
1017,0,198,-4.46715,0.328013
1018,0,198,-4.46985,0.318384
1019,0,198,-4.47255,0.308755
1020,0,198,-4.47525,0.299126
1021,0,198,-4.47795,0.289497
1022,0,198,-4.48064,0.279868
1023,0,198,-4.48334,0.270239
1024,0,198,-4.48604,0.26061
1025,0,198,-4.48874,0.250981
1026,0,198,-4.49144,0.241352
1027,0,198,-4.49414,0.231723
1028,0,198,-4.49684,0.222094
1029,0,198,-4.49953,0.212465
1030,0,198,-4.50223,0.202836
1031,0,198,-4.50493,0.193207
1032,0,198,-4.50763,0.183578
1033,0,198,-4.51033,0.173949
1034,0,198,-4.51303,0.16432
1035,0,198,-4.51572,0.15469
1036,0,198,-4.51842,0.145061
1037,0,198,-4.52112,0.135432
1038,0,198,-4.52382,0.125803
1039,0,198,-4.52652,0.116174
1040,0,198,-4.52922,0.106545
1041,0,198,-4.53192,0.0969162
1042,0,198,-4.53461,0.0872872
1043,0,198,-4.53731,0.0776582
1044,0,198,-4.54001,0.0680291
1045,0,198,-4.54271,0.0584001
1046,0,198,-4.54541,0.0487711
1047,0,198,-4.54811,0.039142
1048,0,198,-4.5508,0.029513
1049,0,198,-4.5535,0.0198839
1050,0,198,-4.5562,0.0102549
1051,0,198,-4.5589,0.000625851
1052,0,198,-4.5616,-0.00900319
1053,0,198,-4.5643,-0.0186322
1054,0,198,-4.56699,-0.0282613
1055,0,198,-4.56969,-0.0378903
1056,0,198,-4.57239,-0.0475193
1057,0,198,-4.57509,-0.0571484
1058,0,198,-4.57779,-0.0667774
1059,0,198,-4.58049,-0.0764065
1060,0,198,-4.58319,-0.0860355
1061,0,198,-4.58588,-0.0956645
1062,0,198,-4.58858,-0.105294
1063,0,198,-4.59128,-0.114923
1064,0,198,-4.59398,-0.124552
1065,0,198,-4.59668,-0.134181
1066,0,198,-4.59938,-0.14381
1067,0,198,-4.60207,-0.153439
1068,0,198,-4.60477,-0.163068
1069,0,198,-4.60747,-0.172697
1070,0,198,-4.61017,-0.182326
1071,0,198,-4.61287,-0.191955
1072,0,198,-4.61557,-0.201584
1073,0,198,-4.61827,-0.211213
1074,0,198,-4.62096,-0.220842
1075,0,198,-4.62366,-0.230471
1076,0,198,-4.62636,-0.2401
1077,0,198,-4.62906,-0.249729
1078,0,198,-4.63176,-0.259358
1079,0,198,-4.63446,-0.268987
1080,0,198,-4.63715,-0.278616
1081,0,198,-4.63985,-0.288245
1082,0,198,-4.64255,-0.297874
1083,0,198,-4.64285,-0.29894
1084,0,198,-4.64285,-0.29894
1085,0,198,-4.64285,-0.29894
1086,0,198,-4.64285,-0.29894
1087,0,198,-4.64286,-0.297487
1088,0,198,-4.64289,-0.292669
1089,0,198,-4.64289,-0.287882
1090,0,198,-4.64287,-0.28311
1091,0,198,-4.64282,-0.278361
1092,0,198,-4.64274,-0.273638
1093,0,198,-4.64263,-0.268935
1094,0,198,-4.64249,-0.264246
1095,0,198,-4.64231,-0.259577
1096,0,198,-4.64209,-0.254928
1097,0,198,-4.64184,-0.250285
1098,0,198,-4.64155,-0.245658
1099,0,198,-4.6334,-0.241421
1100,0,198,-4.62436,-0.237159
1101,0,198,-4.61532,-0.232885
1102,0,198,-4.60628,-0.22861
1103,0,198,-4.59724,-0.224335
1104,0,198,-4.5882,-0.220061
1105,0,198,-4.57916,-0.215786
1106,0,198,-4.57012,-0.211511
1107,0,198,-4.56108,-0.207237
1108,0,198,-4.55204,-0.202962
1109,0,198,-4.54299,-0.198687
1110,0,198,-4.53395,-0.194413
1111,0,198,-4.52491,-0.190138
1112,0,198,-4.51587,-0.185863
1113,0,198,-4.51487,-0.18539
1114,0,198,-4.51487,-0.18539
1115,0,198,-4.51487,-0.18539
1116,0,198,-4.51487,-0.18539
1117,0,198,-4.51487,-0.18539
1118,0,198,-4.51487,-0.18539
1119,0,198,-4.51487,-0.18539
1120,0,198,-4.51487,-0.18539
1121,0,198,-4.5149,-0.185468
1122,0,198,-4.51491,-0.185477
1123,0,198,-4.51491,-0.185477
1124,0,198,-4.51491,-0.185477
1125,0,198,-4.51491,-0.185477
1126,0,198,-4.51491,-0.185477
1127,0,198,-4.51491,-0.185477
1128,0,198,-4.51483,-0.185496
1129,0,198,-4.51483,-0.185496
1130,0,198,-4.5148,-0.185483
1131,0,198,-4.51471,-0.185444
1132,0,198,-4.51464,-0.185419
1133,0,198,-4.51462,-0.185413
1134,0,198,-4.51462,-0.185413
1135,0,198,-4.51462,-0.185413
1136,0,198,-4.51462,-0.185413
1137,0,198,-4.51456,-0.185415
1138,0,198,-4.51455,-0.185416
1139,0,198,-4.51455,-0.185416
1140,0,198,-4.51455,-0.185416
1141,0,198,-4.51308,-0.188811
1142,0,198,-4.5129,-0.18924
1143,0,198,-4.5129,-0.189235
1144,0,198,-4.5129,-0.189234
1145,0,198,-4.5129,-0.189234
1146,0,198,-4.5129,-0.189234
1147,0,198,-4.5129,-0.189234
1148,0,198,-4.5129,-0.189234
1149,0,198,-4.50707,-0.195949
1150,0,198,-4.50634,-0.196785
1151,0,198,-4.50634,-0.196785
1152,0,198,-4.50634,-0.196785
1153,0,198,-4.50378,-0.197111
1154,0,198,-4.50077,-0.197041
1155,0,198,-4.49841,-0.196372
1156,0,198,-4.49841,-0.196372
1157,0,198,-4.49841,-0.196372
1158,0,198,-4.49841,-0.196372
1159,0,198,-4.49841,-0.196372
1160,0,198,-4.49841,-0.196372
1161,0,198,-4.49841,-0.196372
1162,0,198,-4.49841,-0.196372
1163,0,198,-4.49841,-0.196372
1164,0,198,-4.49841,-0.196372
1165,0,198,-4.49841,-0.196372
1166,0,198,-4.49841,-0.196372
1167,0,198,-4.49841,-0.196372
1168,0,198,-4.49841,-0.196372
1169,0,198,-4.49841,-0.196372
1170,0,198,-4.49841,-0.196372
1171,0,198,-4.49784,-0.190375
1172,0,198,-4.49726,-0.189134
1173,0,198,-4.49726,-0.189134
1174,0,198,-4.49726,-0.189134
1175,0,198,-4.49726,-0.189134
1176,0,198,-4.49606,-0.186356
1177,0,198,-4.49578,-0.185061
1178,0,198,-4.49458,-0.182472
1179,0,198,-4.49384,-0.181039
1180,0,198,-4.49294,-0.179302
1181,0,198,-4.49241,-0.178336
1182,0,198,-4.49981,-0.182053
1183,0,198,-4.50161,-0.182766
1184,0,198,-4.50161,-0.182766
1185,0,198,-4.50161,-0.182766
1186,0,198,-4.50161,-0.182766
1187,0,198,-4.50161,-0.182766
1188,0,198,-4.50161,-0.182766
1189,0,198,-4.50161,-0.182763
1190,0,198,-4.50285,-0.191596
1191,0,198,-4.50299,-0.192586
1192,0,198,-4.50299,-0.192586
1193,0,198,-4.50299,-0.192586
1194,0,198,-4.50299,-0.192586
1195,0,198,-4.50299,-0.192586
1196,0,198,-4.50299,-0.192586
1197,0,198,-4.50299,-0.192586
1198,0,198,-4.50191,-0.191329
1199,0,198,-4.49968,-0.188904
1200,0,198,-4.49596,-0.185072
1201,0,198,-4.49565,-0.1809
1202,0,198,-4.49568,-0.180431
1203,1,199,-4.49568,-0.180431
1204,1,200,-4.49568,-0.180431
1205,1,201,-4.49568,-0.180431
1206,1,202,-4.49568,-0.180431
1207,1,203,-4.49568,-0.180431
1208,1,204,-4.49568,-0.180431
1209,1,205,-4.49564,-0.179342
1210,1,206,-4.49565,-0.17921
1211,1,207,-4.49565,-0.17921
1212,1,208,-4.49565,-0.17921
1213,1,209,-4.49565,-0.17921
1214,1,210,-4.49565,-0.17921
1215,1,211,-4.49565,-0.17921
1216,1,212,-4.49565,-0.17921
1217,1,213,-4.49565,-0.17921
1218,1,214,-4.49565,-0.17921
1219,1,215,-4.49565,-0.17921
1220,1,216,-4.49565,-0.17921
1221,1,217,-4.49565,-0.17921
1222,1,218,-4.49565,-0.17921
1223,1,219,-4.49565,-0.17921
1224,1,220,-4.49565,-0.17921
1225,1,221,-4.49565,-0.17921
1226,1,222,-4.49653,-0.17925
1227,1,223,-4.49663,-0.179251
1228,1,224,-4.49663,-0.179251
1229,1,225,-4.49663,-0.179251
1230,1,226,-4.49663,-0.179251
1231,1,227,-4.49663,-0.179251
1232,1,228,-4.49663,-0.179251
1233,1,229,-4.49663,-0.179251
1234,1,230,-4.49663,-0.179251
1235,1,231,-4.49663,-0.179251
1236,1,232,-4.49663,-0.179251
1237,1,233,-4.49663,-0.179251
1238,1,234,-4.49663,-0.179251
1239,1,235,-4.49663,-0.179251
1240,1,236,-4.49509,-0.184416
1241,1,237,-4.49494,-0.184895
1242,1,238,-4.49494,-0.184895
1243,1,239,-4.49494,-0.184895
1244,1,240,-4.49494,-0.184895
1245,1,241,-4.49494,-0.184895
1246,1,242,-4.49494,-0.184895
1247,1,243,-4.49494,-0.184895
1248,1,244,-4.49494,-0.184895
1249,1,245,-4.49494,-0.184895
1250,1,246,-4.49494,-0.184895
1251,1,247,-4.49494,-0.184895
1252,1,248,-4.49494,-0.184895
1253,1,249,-4.49494,-0.184895
1254,1,250,-4.49494,-0.184895
1255,1,251,-4.49494,-0.184895
1256,1,252,-4.49494,-0.184895
1257,1,253,-4.49494,-0.184895
1258,1,254,-4.49494,-0.184895
1259,1,255,-4.49494,-0.184895
1260,1,256,-4.49494,-0.184895
1261,1,257,-4.49494,-0.184895
1262,1,258,-4.49494,-0.184895
1263,1,259,-4.49742,-0.177045
1264,1,260,-4.49767,-0.176358
1265,1,261,-4.49767,-0.176358
1266,1,262,-4.49767,-0.176358
1267,1,263,-4.49767,-0.176358
1268,1,264,-4.49767,-0.176358
1269,1,265,-4.49767,-0.176358
1270,1,266,-4.49767,-0.176358
1271,1,267,-4.49767,-0.176358
1272,1,268,-4.49767,-0.176358
1273,1,269,-4.49767,-0.176358
1274,1,270,-4.49767,-0.176358
1275,1,271,-4.49767,-0.176358
1276,1,272,-4.49767,-0.176358
1277,1,273,-4.49767,-0.176358
1278,1,274,-4.49767,-0.176358
1279,1,275,-4.49767,-0.176358
1280,1,276,-4.49767,-0.176358
1281,1,277,-4.49767,-0.176358
1282,1,278,-4.49659,-0.181768
1283,1,279,-4.49647,-0.182438
1284,1,280,-4.49647,-0.182438
1285,1,281,-4.49647,-0.182438
1286,1,282,-4.49647,-0.182438
1287,1,283,-4.49647,-0.182438
1288,1,284,-4.49647,-0.182438
1289,1,285,-4.49647,-0.182438
1290,1,286,-4.49647,-0.182438
1291,1,287,-4.49647,-0.182438
1292,1,288,-4.49647,-0.182438
1293,1,289,-4.49647,-0.182438
1294,1,290,-4.49647,-0.182438
1295,1,291,-4.49647,-0.182438
1296,1,292,-4.49647,-0.182438
1297,1,293,-4.49647,-0.182438
1298,1,294,-4.49647,-0.182438
1299,1,295,-4.49647,-0.182438
1300,1,296,-4.49647,-0.182438
1301,1,297,-4.49647,-0.182438
1302,1,298,-4.49647,-0.182438
1303,1,299,-4.49647,-0.182438
1304,1,300,-4.49647,-0.182438
1305,1,301,-4.4946,-0.175806
1306,1,302,-4.49446,-0.175325
1307,1,303,-4.49446,-0.175325
1308,1,304,-4.49446,-0.175325
1309,1,305,-4.49446,-0.175325
1310,1,306,-4.49446,-0.175325
1311,1,307,-4.49446,-0.175325
1312,1,308,-4.49446,-0.175325
1313,1,309,-4.49446,-0.175325
1314,1,310,-4.49446,-0.175325
1315,1,311,-4.49446,-0.175325
1316,1,312,-4.49446,-0.175325
1317,1,313,-4.49446,-0.175325
1318,1,314,-4.49446,-0.175325
1319,1,315,-4.49446,-0.175325
1320,1,316,-4.49446,-0.175325
1321,1,317,-4.49446,-0.175325
1322,1,318,-4.49446,-0.175325
1323,1,319,-4.49446,-0.175325
1324,1,320,-4.49446,-0.175325
1325,1,321,-4.49446,-0.175325
1326,1,322,-4.49446,-0.175325
1327,1,323,-4.49731,-0.182892
1328,1,324,-4.49747,-0.183623
1329,1,325,-4.49747,-0.183623
1330,1,326,-4.49747,-0.183623
1331,1,327,-4.49747,-0.183623
1332,1,328,-4.49747,-0.183623
1333,1,329,-4.49747,-0.183623
1334,1,330,-4.49747,-0.183623
1335,1,331,-4.49747,-0.183623
1336,1,332,-4.49747,-0.183623
1337,1,333,-4.49747,-0.183623
1338,1,334,-4.49747,-0.183623
1339,1,335,-4.49204,-0.185972
1340,1,336,-4.49157,-0.186169
1341,1,337,-4.49157,-0.186169
1342,1,338,-4.49157,-0.186169
1343,1,339,-4.49157,-0.186169
1344,1,340,-4.49157,-0.186169
1345,1,341,-4.49157,-0.186169
1346,1,342,-4.49157,-0.186169
1347,1,343,-4.49157,-0.186169
1348,1,344,-4.49157,-0.186169
1349,1,345,-4.49157,-0.186169
1350,1,346,-4.49157,-0.186169
1351,1,347,-4.49157,-0.186169
1352,1,348,-4.49157,-0.186169
1353,1,349,-4.49157,-0.186169
1354,1,350,-4.49157,-0.186169
1355,1,351,-4.49157,-0.186169
1356,1,352,-4.49157,-0.186169
1357,1,353,-4.49537,-0.178126
1358,1,354,-4.49584,-0.177125
1359,1,355,-4.49584,-0.177125
1360,1,356,-4.49584,-0.177125
1361,1,357,-4.49584,-0.177125
1362,1,358,-4.49584,-0.177125
1363,1,359,-4.49584,-0.177125
1364,1,360,-4.49584,-0.177125
1365,1,361,-4.49584,-0.177125
1366,1,362,-4.49584,-0.177125
1367,1,363,-4.50166,-0.178037
1368,1,364,-4.50215,-0.178114
1369,1,365,-4.50215,-0.178114
1370,1,366,-4.50215,-0.178114
1371,1,367,-4.50215,-0.178114
1372,1,368,-4.50215,-0.178114
1373,1,369,-4.50215,-0.178114
1374,1,370,-4.50153,-0.181183
1375,1,371,-4.50146,-0.181575
1376,1,372,-4.50146,-0.181575
1377,1,373,-4.50146,-0.181575
1378,1,374,-4.50146,-0.181575
1379,1,375,-4.50146,-0.181575
1380,1,376,-4.50146,-0.181575
1381,1,377,-4.50146,-0.181575
1382,1,378,-4.50146,-0.181575
1383,1,379,-4.50146,-0.181575
1384,1,380,-4.50146,-0.181575
1385,1,381,-4.50146,-0.181575
1386,1,382,-4.50146,-0.181575
1387,1,383,-4.50146,-0.181575
1388,1,384,-4.50146,-0.181575
1389,1,385,-4.50146,-0.181575
1390,1,386,-4.50146,-0.181575
1391,1,387,-4.50146,-0.181575
1392,1,388,-4.50146,-0.181575
1393,1,389,-4.50146,-0.181575
1394,1,390,-4.50146,-0.181575
1395,1,391,-4.50146,-0.181575
1396,1,392,-4.50146,-0.181575
1397,1,393,-4.50146,-0.181575
1398,1,394,-4.49788,-0.173433
1399,1,395,-4.49768,-0.172975
1400,1,396,-4.49768,-0.172975
1401,1,397,-4.49768,-0.172975
1402,1,398,-4.49768,-0.172975
1403,1,399,-4.49768,-0.172975
1404,1,400,-4.49768,-0.172975
1405,1,401,-4.49768,-0.172975
1406,1,402,-4.49768,-0.172975
1407,1,403,-4.49768,-0.172975
1408,1,404,-4.49768,-0.172975
1409,1,405,-4.49768,-0.172975
1410,1,406,-4.49768,-0.172975
1411,1,407,-4.49768,-0.172975
1412,1,408,-4.49768,-0.172975
1413,1,409,-4.49768,-0.172975
1414,1,410,-4.49768,-0.172975
1415,1,411,-4.49768,-0.172975
1416,1,412,-4.49768,-0.172975
1417,1,413,-4.49768,-0.172975
1418,1,414,-4.49768,-0.172975
1419,1,415,-4.49768,-0.172975
1420,1,416,-4.49768,-0.172975
1421,1,417,-4.49768,-0.172975
1422,1,418,-4.49768,-0.172975
1423,1,419,-4.49768,-0.172975
1424,1,420,-4.49754,-0.181867
1425,1,421,-4.49752,-0.182974
1426,1,422,-4.49752,-0.182974
1427,1,423,-4.49752,-0.182974
1428,1,424,-4.49752,-0.182974
1429,1,425,-4.49752,-0.182974
1430,1,426,-4.49752,-0.182974
1431,1,427,-4.49752,-0.182974
1432,1,428,-4.49752,-0.182974
1433,1,429,-4.49752,-0.182974
1434,1,430,-4.49752,-0.182974
1435,1,431,-4.49752,-0.182974
1436,1,432,-4.49752,-0.182974
1437,1,433,-4.49752,-0.182974
1438,1,434,-4.49752,-0.182974
1439,1,435,-4.49752,-0.182974
1440,1,436,-4.49752,-0.182974
1441,1,437,-4.49752,-0.182974
1442,1,438,-4.49181,-0.176156
1443,1,439,-4.49148,-0.175777
1444,1,440,-4.49148,-0.175777
1445,1,441,-4.49148,-0.175777
1446,1,442,-4.49148,-0.175777
1447,1,443,-4.49152,-0.175664
1448,1,444,-4.49152,-0.175652
1449,1,445,-4.49152,-0.175652
1450,1,446,-4.49152,-0.175652
1451,1,447,-4.49152,-0.175652
1452,1,448,-4.49152,-0.175652
1453,1,449,-4.49152,-0.175652
1454,1,450,-4.49152,-0.175652
1455,1,451,-4.49152,-0.175652
1456,1,452,-4.49152,-0.175652
1457,1,453,-4.49152,-0.175652
1458,1,454,-4.49152,-0.175652
1459,1,455,-4.49152,-0.175652
1460,1,456,-4.49152,-0.175652
1461,1,457,-4.49152,-0.175652
1462,1,458,-4.49152,-0.175652
1463,1,459,-4.49152,-0.175652
1464,1,460,-4.49152,-0.175652
1465,1,461,-4.49152,-0.175652
1466,1,462,-4.49152,-0.175652
1467,1,463,-4.49152,-0.175652
1468,1,464,-4.49152,-0.175652
1469,1,465,-4.49152,-0.175652
1470,1,466,-4.49152,-0.175652
1471,1,467,-4.49152,-0.175652
1472,1,468,-4.49152,-0.175652
1473,1,469,-4.49152,-0.175652
1474,1,470,-4.48768,-0.183671
1475,1,471,-4.48747,-0.184125
1476,1,472,-4.48747,-0.184125
1477,1,473,-4.48747,-0.184125
1478,1,474,-4.48747,-0.184125
1479,1,475,-4.48747,-0.184125
1480,1,476,-4.48747,-0.184125
1481,1,477,-4.48747,-0.184125
1482,1,478,-4.48747,-0.184125
1483,1,479,-4.48747,-0.184125
1484,1,480,-4.48747,-0.184125
1485,1,481,-4.48747,-0.184125
1486,1,482,-4.48747,-0.184125
1487,1,483,-4.48747,-0.184125
1488,1,484,-4.48747,-0.184125
1489,1,485,-4.48209,-0.177681
1490,1,486,-4.48177,-0.177296
1491,1,487,-4.48177,-0.177296
1492,1,488,-4.48177,-0.177296
1493,1,489,-4.48177,-0.177296
1494,1,490,-4.48177,-0.177296
1495,1,491,-4.48177,-0.177296
1496,1,492,-4.48177,-0.177296
1497,1,493,-4.48177,-0.177296
1498,1,494,-4.48177,-0.177296
1499,1,495,-4.48177,-0.177296
1500,1,496,-4.48177,-0.177296
1501,1,497,-4.48177,-0.177296
1502,1,498,-4.48177,-0.177296
1503,1,499,-4.48177,-0.177296
1504,1,500,-4.4903,-0.174993
1505,1,501,-4.49137,-0.174702
1506,1,502,-4.49137,-0.174702
1507,1,503,-4.49137,-0.174702
1508,1,504,-4.49137,-0.174702
1509,1,505,-4.49137,-0.174702
1510,1,506,-4.49137,-0.174702
1511,1,507,-4.49137,-0.174702
1512,1,508,-4.49137,-0.174702
1513,1,509,-4.49137,-0.174702
1514,1,510,-4.49137,-0.174702
1515,1,511,-4.49137,-0.174702
1516,1,512,-4.49137,-0.174702
1517,1,513,-4.49137,-0.174702
1518,1,514,-4.49137,-0.174702
1519,1,515,-4.49137,-0.174702
1520,1,516,-4.49137,-0.174702
1521,1,517,-4.49137,-0.174702
1522,1,518,-4.49137,-0.174702
1523,1,519,-4.48541,-0.181298
1524,1,520,-4.48473,-0.182039
1525,1,521,-4.48473,-0.182039
1526,1,522,-4.48473,-0.182039
1527,1,523,-4.48473,-0.182039
1528,1,524,-4.48473,-0.182039
1529,1,525,-4.48473,-0.182039
1530,1,526,-4.48473,-0.182039
1531,1,527,-4.48473,-0.182039
1532,1,528,-4.48473,-0.182039
1533,1,529,-4.48473,-0.182039
1534,1,530,-4.48473,-0.182039
1535,1,531,-4.48473,-0.182039
1536,1,532,-4.48473,-0.182039
1537,1,533,-4.48087,-0.175736
1538,1,534,-4.48061,-0.17531
1539,1,535,-4.48061,-0.17531
1540,1,536,-4.48061,-0.17531
1541,1,537,-4.48061,-0.17531
1542,1,538,-4.48061,-0.17531
1543,1,539,-4.48061,-0.17531
1544,1,540,-4.48061,-0.17531
1545,1,541,-4.48061,-0.17531
1546,1,542,-4.48061,-0.17531
1547,1,543,-4.48061,-0.17531
1548,1,544,-4.48061,-0.17531
1549,1,545,-4.48061,-0.17531
1550,1,546,-4.48061,-0.17531
1551,1,547,-4.48061,-0.17531
1552,1,548,-4.48061,-0.17531
1553,1,549,-4.48061,-0.17531
1554,1,550,-4.48061,-0.17531
1555,1,551,-4.48908,-0.17801
1556,1,552,-4.49014,-0.178347
1557,1,553,-4.49014,-0.178347
1558,1,554,-4.49014,-0.178347
1559,1,555,-4.49014,-0.178347
1560,1,556,-4.49014,-0.178347
1561,1,557,-4.49014,-0.178347
1562,1,558,-4.49014,-0.178347
1563,1,559,-4.49014,-0.178347
1564,1,560,-4.49014,-0.178347
1565,1,561,-4.49014,-0.178347
1566,1,562,-4.49014,-0.178347
1567,1,563,-4.49014,-0.178347
1568,1,564,-4.49014,-0.178347
1569,1,565,-4.49014,-0.178347
1570,1,566,-4.49014,-0.178347
1571,1,567,-4.49014,-0.178347
1572,1,568,-4.48339,-0.182448
1573,1,569,-4.48297,-0.182708
1574,1,570,-4.48297,-0.182708
1575,1,571,-4.48297,-0.182708
1576,1,572,-4.48297,-0.182708
1577,1,573,-4.48297,-0.182708
1578,1,574,-4.48297,-0.182708
1579,1,575,-4.48297,-0.182708
1580,1,576,-4.48297,-0.182708
1581,1,577,-4.48297,-0.182708
1582,1,578,-4.48297,-0.182708
1583,1,579,-4.48297,-0.182708
1584,1,580,-4.48297,-0.182708
1585,1,581,-4.48297,-0.182708
1586,1,582,-4.48297,-0.182708
1587,1,583,-4.48297,-0.182708
1588,1,584,-4.48297,-0.182708
1589,1,585,-4.48297,-0.182708
1590,1,586,-4.48297,-0.182708
1591,1,587,-4.48297,-0.182708
1592,1,588,-4.48297,-0.182708
1593,1,589,-4.48297,-0.182708
1594,1,590,-4.48297,-0.182708
1595,1,591,-4.49056,-0.17809
1596,1,592,-4.49151,-0.177515
1597,1,593,-4.49151,-0.177515
1598,1,594,-4.49151,-0.177515
1599,1,595,-4.49151,-0.177515
1600,1,596,-4.49151,-0.177515
1601,1,597,-4.49151,-0.177515
1602,1,598,-4.49151,-0.177515
1603,1,599,-4.49151,-0.177515
1604,1,600,-4.49151,-0.177515
1605,1,601,-4.49151,-0.177515
1606,1,602,-4.49151,-0.177515
1607,1,603,-4.49151,-0.177515
1608,1,604,-4.49499,-0.185697
1609,1,605,-4.49543,-0.186716
1610,1,606,-4.49543,-0.186716
1611,1,607,-4.49543,-0.186716
1612,1,608,-4.49543,-0.186716
1613,1,609,-4.49543,-0.186716
1614,1,610,-4.49543,-0.186716
1615,1,611,-4.49543,-0.186716
1616,1,612,-4.49543,-0.186716
1617,1,613,-4.49543,-0.186716
1618,1,614,-4.49543,-0.186716
1619,1,615,-4.49543,-0.186716
1620,1,616,-4.49543,-0.186716
1621,1,617,-4.49543,-0.186716
1622,1,618,-4.49543,-0.186716
1623,1,619,-4.48714,-0.186191
1624,1,620,-4.48644,-0.186021
1625,1,621,-4.48644,-0.186021
1626,1,622,-4.48644,-0.186021
1627,1,623,-4.48644,-0.186021
1628,1,624,-4.48644,-0.186021
1629,1,625,-4.48644,-0.186021
1630,1,626,-4.48644,-0.186021
1631,1,627,-4.48644,-0.186021
1632,1,628,-4.48644,-0.186021
1633,1,629,-4.48644,-0.186021
1634,1,630,-4.48644,-0.186021
1635,1,631,-4.48644,-0.186021
1636,1,632,-4.48795,-0.177256
1637,1,633,-4.48814,-0.176165
1638,1,634,-4.48814,-0.176165
1639,1,635,-4.48814,-0.176165
1640,1,636,-4.48814,-0.176165
1641,1,637,-4.48814,-0.176165
1642,1,638,-4.48814,-0.176165
1643,1,639,-4.48814,-0.176165
1644,1,640,-4.48814,-0.176165
1645,1,641,-4.48814,-0.176165
1646,1,642,-4.48814,-0.176165
1647,1,643,-4.48814,-0.176165
1648,1,644,-4.48814,-0.176165
1649,1,645,-4.48814,-0.176165
1650,1,646,-4.48814,-0.176165
1651,1,647,-4.48814,-0.176165
1652,1,648,-4.49469,-0.182176
1653,1,649,-4.4955,-0.182924
1654,1,650,-4.4955,-0.182924
1655,1,651,-4.4955,-0.182924
1656,1,652,-4.4955,-0.182924
1657,1,653,-4.4955,-0.182924
1658,1,654,-4.4955,-0.182924
1659,1,655,-4.4955,-0.182924
1660,1,656,-4.4955,-0.182924
1661,1,657,-4.4955,-0.182924
1662,1,658,-4.4955,-0.182924
1663,1,659,-4.4955,-0.182924
1664,1,660,-4.48983,-0.189105
1665,1,661,-4.48949,-0.189473
1666,1,662,-4.48949,-0.189473
1667,1,663,-4.48949,-0.189473
1668,1,664,-4.48949,-0.189473
1669,1,665,-4.48949,-0.189473
1670,1,666,-4.48949,-0.189473
1671,1,667,-4.48949,-0.189473
1672,1,668,-4.48949,-0.189473
1673,1,669,-4.48949,-0.189473
1674,1,670,-4.48949,-0.189473
1675,1,671,-4.48949,-0.189473
1676,1,672,-4.48949,-0.189473
1677,1,673,-4.48387,-0.182584
1678,1,674,-4.48317,-0.181726
1679,1,675,-4.48317,-0.181726
1680,1,676,-4.48317,-0.181726
1681,1,677,-4.48317,-0.181726
1682,1,678,-4.48317,-0.181726
1683,1,679,-4.48317,-0.181726
1684,1,680,-4.48317,-0.181726
1685,1,681,-4.48317,-0.181726
1686,1,682,-4.48317,-0.181726
1687,1,683,-4.48317,-0.181726
1688,1,684,-4.48317,-0.181726
1689,1,685,-4.48317,-0.181726
1690,1,686,-4.48317,-0.181726
1691,1,687,-4.48317,-0.181726
1692,1,688,-4.48317,-0.181726
1693,1,689,-4.48317,-0.181726
1694,1,690,-4.48317,-0.181726
1695,1,691,-4.48317,-0.181726
1696,1,692,-4.48317,-0.181726
1697,1,693,-4.48317,-0.181726
1698,1,694,-4.48317,-0.181726
1699,1,695,-4.48317,-0.181726
1700,1,696,-4.48878,-0.188623
1701,1,697,-4.48964,-0.189394
1702,1,698,-4.48964,-0.189394
1703,1,699,-4.48964,-0.189394
1704,1,700,-4.48964,-0.189394
1705,1,701,-4.48964,-0.189394
1706,1,702,-4.48964,-0.189394
1707,1,703,-4.48964,-0.189394
1708,1,704,-4.48964,-0.189394
1709,1,705,-4.48964,-0.189394
1710,1,706,-4.48964,-0.189394
1711,1,707,-4.48964,-0.189394
1712,1,708,-4.48952,-0.18942
1713,1,709,-4.48951,-0.189428
1714,1,710,-4.48951,-0.189428
1715,1,711,-4.48951,-0.189428
1716,1,712,-4.48951,-0.189428
1717,1,713,-4.48951,-0.189428
1718,1,714,-4.48951,-0.189428
1719,1,715,-4.48951,-0.189428
1720,1,716,-4.48951,-0.189428
1721,1,717,-4.48951,-0.189428
1722,1,718,-4.48951,-0.189428
1723,1,719,-4.48951,-0.189428
1724,1,720,-4.48951,-0.189428
1725,1,721,-4.48951,-0.189428
1726,1,722,-4.48951,-0.189428
1727,1,723,-4.48951,-0.189428
1728,1,724,-4.48951,-0.189428
1729,1,725,-4.48951,-0.189428
1730,1,726,-4.48951,-0.189428
1731,1,727,-4.48951,-0.189428
1732,1,728,-4.48951,-0.189428
1733,1,729,-4.48951,-0.189428
1734,1,730,-4.48951,-0.189428
1735,1,731,-4.48951,-0.189428
1736,1,732,-4.48951,-0.189428
1737,1,733,-4.48951,-0.189428
1738,1,734,-4.49812,-0.187204
1739,1,735,-4.49919,-0.186927
1740,1,736,-4.49919,-0.186927
1741,1,737,-4.49919,-0.186927
1742,1,738,-4.49919,-0.186927
1743,1,739,-4.49919,-0.186927
1744,1,740,-4.49919,-0.186927
1745,1,741,-4.49919,-0.186927
1746,1,742,-4.49919,-0.186927
1747,1,743,-4.49919,-0.186927
1748,1,744,-4.49919,-0.186927
1749,1,745,-4.49919,-0.186927
1750,1,746,-4.49919,-0.186927
1751,1,747,-4.49919,-0.186927
1752,1,748,-4.49919,-0.186927
1753,1,749,-4.49919,-0.186927
1754,1,750,-4.49919,-0.186927
1755,1,751,-4.49523,-0.194887
1756,1,752,-4.49501,-0.195338
1757,1,753,-4.49501,-0.195338
1758,1,754,-4.49501,-0.195338
1759,1,755,-4.49501,-0.195338
1760,1,756,-4.49501,-0.195338
1761,1,757,-4.49501,-0.195338
1762,1,758,-4.49501,-0.195338
1763,1,759,-4.49501,-0.195338
1764,1,760,-4.49501,-0.195338
1765,1,761,-4.49501,-0.195338
1766,1,762,-4.49501,-0.195338
1767,1,763,-4.49501,-0.195338
1768,1,764,-4.49501,-0.195338
1769,1,765,-4.49501,-0.195338
1770,1,766,-4.49501,-0.195338
1771,1,767,-4.49501,-0.195338
1772,1,768,-4.49501,-0.195338
1773,1,769,-4.49501,-0.195338
1774,1,770,-4.49405,-0.186497
1775,1,771,-4.49393,-0.185397
1776,1,772,-4.49393,-0.185397
1777,1,773,-4.49393,-0.185397
1778,1,774,-4.49393,-0.185397
1779,1,775,-4.49393,-0.185397
1780,1,776,-4.49393,-0.185397
1781,1,777,-4.49393,-0.185397
1782,1,778,-4.49393,-0.185397
1783,1,779,-4.49393,-0.185397
1784,1,780,-4.49393,-0.185397
1785,1,781,-4.49393,-0.185397
1786,1,782,-4.49393,-0.185397
1787,1,783,-4.49393,-0.185397
1788,1,784,-4.49393,-0.185397
1789,1,785,-4.49393,-0.185397
1790,1,786,-4.49393,-0.185397
1791,1,787,-4.49393,-0.185397
1792,1,788,-4.49393,-0.185397
1793,1,789,-4.49393,-0.185397
1794,1,790,-4.49393,-0.185397
1795,1,791,-4.49393,-0.185397
1796,1,792,-4.49393,-0.185397
1797,1,793,-4.49393,-0.185397
1798,1,794,-4.49393,-0.185397
1799,1,795,-4.49393,-0.185397
1800,1,796,-4.49393,-0.185397
1801,1,797,-4.49393,-0.185397
1802,1,798,-4.49393,-0.185397
1803,1,799,-4.49393,-0.185397
1804,1,800,-4.48778,-0.190341
1805,1,801,-4.48739,-0.190655
1806,1,802,-4.48739,-0.190655
1807,1,803,-4.48739,-0.190655
1808,1,804,-4.48739,-0.190655
1809,1,805,-4.48739,-0.190655
1810,1,806,-4.48739,-0.190655
1811,1,807,-4.48739,-0.190655
1812,1,808,-4.48228,-0.186624
1813,1,809,-4.48165,-0.186147
1814,1,810,-4.48165,-0.186147
1815,1,811,-4.48165,-0.186147
1816,1,812,-4.48165,-0.186147
1817,1,813,-4.48165,-0.186147
1818,1,814,-4.48165,-0.186147
1819,1,815,-4.48165,-0.186147
1820,1,816,-4.48165,-0.186147
1821,1,817,-4.48165,-0.186147
1822,1,818,-4.48165,-0.186147
1823,1,819,-4.48165,-0.186147
1824,1,820,-4.48165,-0.186147
1825,1,821,-4.48165,-0.186147
1826,1,822,-4.48165,-0.186147
1827,1,823,-4.48165,-0.186147
1828,1,824,-4.48165,-0.186147
1829,1,825,-4.48165,-0.186147
1830,1,826,-4.48165,-0.186147
1831,1,827,-4.48165,-0.186147
1832,1,828,-4.48165,-0.186147
1833,1,829,-4.48165,-0.186147
1834,1,830,-4.48165,-0.186147
1835,1,831,-4.48165,-0.186147
1836,1,832,-4.48165,-0.186147
1837,1,833,-4.48888,-0.191136
1838,1,834,-4.48978,-0.191769
1839,1,835,-4.48978,-0.191769
1840,1,836,-4.48978,-0.191769
1841,1,837,-4.48978,-0.191769
1842,1,838,-4.48978,-0.191769
1843,1,839,-4.48978,-0.191769
1844,1,840,-4.48978,-0.191769
1845,1,841,-4.48978,-0.191769
1846,1,842,-4.48978,-0.191769
1847,1,843,-4.48978,-0.191769
1848,1,844,-4.48978,-0.191769
1849,1,845,-4.48978,-0.191769
1850,1,846,-4.48978,-0.191769
1851,1,847,-4.48978,-0.191769
1852,1,848,-4.48978,-0.191769
1853,1,849,-4.48978,-0.191769
1854,1,850,-4.48978,-0.191769
1855,1,851,-4.48422,-0.191226
1856,1,852,-4.48362,-0.191143
1857,1,853,-4.48362,-0.191143
1858,1,854,-4.48362,-0.191143
1859,1,855,-4.48362,-0.191143
1860,1,856,-4.48362,-0.191143
1861,1,857,-4.48362,-0.191143
1862,1,858,-4.48362,-0.191143
1863,1,859,-4.48362,-0.191143
1864,1,860,-4.48362,-0.191143
1865,1,861,-4.48362,-0.191143
1866,1,862,-4.48362,-0.191143
1867,1,863,-4.48362,-0.191143
1868,1,864,-4.48362,-0.191143
1869,1,865,-4.48362,-0.191143
1870,1,866,-4.48362,-0.191143
1871,1,867,-4.48362,-0.191143
1872,1,868,-4.48362,-0.191143
1873,1,869,-4.48362,-0.191143
1874,1,870,-4.48362,-0.191143
1875,1,871,-4.48362,-0.191143
1876,1,872,-4.48362,-0.191143
1877,1,873,-4.48362,-0.191143
1878,1,874,-4.48362,-0.191143
1879,1,875,-4.48362,-0.191143
1880,1,876,-4.49237,-0.192765
1881,1,877,-4.49346,-0.192967
1882,1,878,-4.49346,-0.192967
1883,1,879,-4.49346,-0.192967
1884,1,880,-4.49346,-0.192967
1885,1,881,-4.49346,-0.192967
1886,1,882,-4.49346,-0.192967
1887,1,883,-4.49346,-0.192967
1888,1,884,-4.49346,-0.192967
1889,1,885,-4.49346,-0.192967
1890,1,886,-4.49346,-0.192967
1891,1,887,-4.49346,-0.192967
1892,1,888,-4.49346,-0.192967
1893,1,889,-4.49346,-0.192967
1894,1,890,-4.49346,-0.192967
1895,1,891,-4.49346,-0.192967
1896,1,892,-4.49346,-0.192967
1897,1,893,-4.49346,-0.192967
1898,1,894,-4.49346,-0.192967
1899,1,895,-4.49346,-0.192967
1900,1,896,-4.49346,-0.192967
1901,1,897,-4.49346,-0.192967
1902,1,898,-4.49346,-0.192967
1903,1,899,-4.49346,-0.192967
1904,1,900,-4.49346,-0.192967
1905,1,901,-4.48553,-0.188936
1906,1,902,-4.48454,-0.188434
1907,1,903,-4.48454,-0.188434
1908,1,904,-4.48454,-0.188434
1909,1,905,-4.48454,-0.188434
1910,1,906,-4.48454,-0.188434
1911,1,907,-4.48454,-0.188434
1912,1,908,-4.48454,-0.188434
1913,1,909,-4.48454,-0.188434
1914,1,910,-4.48454,-0.188434
1915,1,911,-4.48454,-0.188434
1916,1,912,-4.48454,-0.188434
1917,1,913,-4.48454,-0.188434
1918,1,914,-4.48454,-0.188434
1919,1,915,-4.48454,-0.188434
1920,1,916,-4.48454,-0.188434
1921,1,917,-4.48454,-0.188434
1922,1,918,-4.48454,-0.188434
1923,1,919,-4.48454,-0.188434
1924,1,920,-4.48454,-0.188434
1925,1,921,-4.48454,-0.188434
1926,1,922,-4.48454,-0.188434
1927,1,923,-4.49296,-0.191306
1928,1,924,-4.49401,-0.191663
1929,1,925,-4.49401,-0.191663
1930,1,926,-4.49401,-0.191663
1931,1,927,-4.49401,-0.191663
1932,1,928,-4.49401,-0.191663
1933,1,929,-4.49401,-0.191663
1934,1,930,-4.49401,-0.191663
1935,1,931,-4.49401,-0.191663
1936,1,932,-4.49401,-0.191663
1937,1,933,-4.49401,-0.191663
1938,1,934,-4.49401,-0.191663
1939,1,935,-4.49401,-0.191663
1940,1,936,-4.49401,-0.191663
1941,1,937,-4.49401,-0.191663
1942,1,938,-4.48858,-0.197395
1943,1,939,-4.48824,-0.197758
1944,1,940,-4.48824,-0.197758
1945,1,941,-4.48824,-0.197758
1946,1,942,-4.48824,-0.197758
1947,1,943,-4.48824,-0.197758
1948,1,944,-4.48824,-0.197758
1949,1,945,-4.48824,-0.197758
1950,1,946,-4.48824,-0.197758
1951,1,947,-4.48824,-0.197758
1952,1,948,-4.48824,-0.197758
1953,1,949,-4.48824,-0.197758
1954,1,950,-4.48824,-0.197758
1955,1,951,-4.48824,-0.197758
1956,1,952,-4.48824,-0.197758
1957,1,953,-4.48824,-0.197758
1958,1,954,-4.48824,-0.197758
1959,1,955,-4.48824,-0.197758
1960,1,956,-4.48824,-0.197758
1961,1,957,-4.48824,-0.197758
1962,1,958,-4.48824,-0.197758
1963,1,959,-4.48824,-0.197758
1964,1,960,-4.48824,-0.197758
1965,1,961,-4.48824,-0.197758
1966,1,962,-4.48824,-0.197758
1967,1,963,-4.48824,-0.197758
1968,1,964,-4.49649,-0.194435
1969,1,965,-4.49751,-0.194021
1970,1,966,-4.49751,-0.194021
1971,1,967,-4.49751,-0.194021
1972,1,968,-4.49751,-0.194021
1973,1,969,-4.49751,-0.194021
1974,1,970,-4.49751,-0.194021
1975,1,971,-4.49751,-0.194021
1976,1,972,-4.49751,-0.194021
1977,1,973,-4.49751,-0.194021
1978,1,974,-4.49751,-0.194021
1979,1,975,-4.5006,-0.200889
1980,1,976,-4.50083,-0.201593
1981,1,977,-4.50083,-0.201593
1982,1,978,-4.50083,-0.201593
1983,1,979,-4.50083,-0.201593
1984,1,980,-4.50083,-0.201593
1985,1,981,-4.50083,-0.201593
1986,1,982,-4.50083,-0.201593
1987,1,983,-4.50083,-0.201593
1988,1,984,-4.49655,-0.207623
1989,1,985,-4.49626,-0.20803
1990,1,986,-4.49626,-0.20803
1991,1,987,-4.49626,-0.20803
1992,1,988,-4.49626,-0.20803
1993,1,989,-4.49626,-0.20803
1994,1,990,-4.49572,-0.207462
1995,1,991,-4.49565,-0.207398
1996,1,992,-4.49565,-0.207398
1997,1,993,-4.49565,-0.207398
1998,1,994,-4.49565,-0.207398
1999,1,995,-4.49565,-0.207398
2000,1,996,-4.49565,-0.207398
2001,1,997,-4.49565,-0.207398
2002,1,998,-4.49565,-0.207398
2003,1,999,-4.49565,-0.207398
2004,1,1000,-4.49565,-0.207398
2005,1,1001,-4.49565,-0.207398
2006,1,1002,-4.49565,-0.207398
2007,1,1003,-4.49565,-0.207398
2008,1,1004,-4.49565,-0.207398
2009,1,1005,-4.49565,-0.207398
2010,1,1006,-4.49565,-0.207398
2011,1,1007,-4.49565,-0.207398
2012,1,1008,-4.50081,-0.200155
2013,1,1009,-4.50111,-0.199335
2014,1,1010,-4.50111,-0.199335
2015,1,1011,-4.50111,-0.199335
2016,1,1012,-4.50111,-0.199335
2017,1,1013,-4.50111,-0.199335
2018,1,1014,-4.50111,-0.199335
2019,1,1015,-4.50111,-0.199335
2020,1,1016,-4.50111,-0.199335
2021,1,1017,-4.50111,-0.199335
2022,1,1018,-4.50111,-0.199335
2023,1,1019,-4.50111,-0.199335
2024,1,1020,-4.50111,-0.199335
2025,1,1021,-4.50111,-0.199335
2026,1,1022,-4.50111,-0.199335
2027,1,1023,-4.50111,-0.199335
2028,1,1024,-4.50111,-0.199335
2029,1,1025,-4.50064,-0.206123
2030,1,1026,-4.5006,-0.206945
2031,1,1027,-4.5006,-0.206945
2032,1,1028,-4.5006,-0.206945
2033,1,1029,-4.5006,-0.206945
2034,1,1030,-4.5006,-0.206945
2035,1,1031,-4.5006,-0.206945
2036,1,1032,-4.5006,-0.206945
2037,1,1033,-4.49619,-0.211566
2038,1,1034,-4.49584,-0.211927
2039,1,1035,-4.49584,-0.211927
2040,1,1036,-4.49584,-0.211927
2041,1,1037,-4.49584,-0.211927
2042,1,1038,-4.49584,-0.211927
2043,1,1039,-4.49584,-0.211927
2044,1,1040,-4.49584,-0.211927
2045,1,1041,-4.49584,-0.211927
2046,1,1042,-4.49584,-0.211927
2047,1,1043,-4.49584,-0.211927
2048,1,1044,-4.49584,-0.211927
2049,1,1045,-4.49584,-0.211927
2050,1,1046,-4.49584,-0.211927
2051,1,1047,-4.49584,-0.211927
2052,1,1048,-4.49584,-0.211927
2053,1,1049,-4.49584,-0.211927
2054,1,1050,-4.49584,-0.211927
2055,1,1051,-4.49584,-0.211927
2056,1,1052,-4.49755,-0.203199
2057,1,1053,-4.49776,-0.202113
2058,1,1054,-4.49776,-0.202113
2059,1,1055,-4.49776,-0.202113
2060,1,1056,-4.49776,-0.202113
2061,1,1057,-4.49776,-0.202113
2062,1,1058,-4.49776,-0.202113
2063,1,1059,-4.49776,-0.202113
2064,1,1060,-4.49776,-0.202113
2065,1,1061,-4.49776,-0.202113
2066,1,1062,-4.49776,-0.202113
2067,1,1063,-4.49776,-0.202113
2068,1,1064,-4.49776,-0.202113
2069,1,1065,-4.49776,-0.202113
2070,1,1066,-4.49776,-0.202113
2071,1,1067,-4.49776,-0.202113
2072,1,1068,-4.49776,-0.202113
2073,1,1069,-4.49776,-0.202113
2074,1,1070,-4.49776,-0.202113
2075,1,1071,-4.49776,-0.202113
2076,1,1072,-4.49776,-0.202113
2077,1,1073,-4.49857,-0.210968
2078,1,1074,-4.49867,-0.212071
2079,1,1075,-4.49867,-0.212071
2080,1,1076,-4.49867,-0.212071
2081,1,1077,-4.49867,-0.212071
2082,1,1078,-4.49867,-0.212071
2083,1,1079,-4.49867,-0.212071
2084,1,1080,-4.49867,-0.212071
2085,1,1081,-4.49867,-0.212071
2086,1,1082,-4.49867,-0.212071
2087,1,1083,-4.49867,-0.212071
2088,1,1084,-4.49867,-0.212071
2089,1,1085,-4.49867,-0.212071
2090,1,1086,-4.49867,-0.212071
2091,1,1087,-4.49178,-0.20977
2092,1,1088,-4.4911,-0.209478
2093,1,1089,-4.4911,-0.209478
2094,1,1090,-4.4911,-0.209478
2095,1,1091,-4.4911,-0.209478
2096,1,1092,-4.4911,-0.209478
2097,1,1093,-4.4911,-0.209478
2098,1,1094,-4.4911,-0.209478
2099,1,1095,-4.4911,-0.209478
2100,1,1096,-4.4911,-0.209478
2101,1,1097,-4.4903,-0.200621
2102,1,1098,-4.4902,-0.199518
2103,1,1099,-4.4902,-0.199518
2104,1,1100,-4.4902,-0.199518
2105,1,1101,-4.4902,-0.199518
2106,1,1102,-4.4902,-0.199518
2107,1,1103,-4.4902,-0.199518
2108,1,1104,-4.4902,-0.199518
2109,1,1105,-4.4902,-0.199518
2110,1,1106,-4.4902,-0.199518
2111,1,1107,-4.4902,-0.199518
2112,1,1108,-4.49885,-0.197469
2113,1,1109,-4.49993,-0.197214
2114,1,1110,-4.49993,-0.197214
2115,1,1111,-4.49993,-0.197214
2116,1,1112,-4.49993,-0.197214
2117,1,1113,-4.49993,-0.197214
2118,1,1114,-4.49993,-0.197214
2119,1,1115,-4.49993,-0.197214
2120,1,1116,-4.49993,-0.197214
2121,1,1117,-4.49993,-0.197214
2122,1,1118,-4.49993,-0.197214
2123,1,1119,-4.49993,-0.197214
2124,1,1120,-4.49993,-0.197214
2125,1,1121,-4.49993,-0.197214
2126,1,1122,-4.49993,-0.197214
2127,1,1123,-4.49993,-0.197214
2128,1,1124,-4.49697,-0.205599
2129,1,1125,-4.4966,-0.206643
2130,1,1126,-4.4966,-0.206643
2131,1,1127,-4.4966,-0.206643
2132,1,1128,-4.4966,-0.206643
2133,1,1129,-4.4966,-0.206643
2134,1,1130,-4.49017,-0.210293
2135,1,1131,-4.48973,-0.21054
2136,1,1132,-4.48973,-0.21054
2137,1,1133,-4.48973,-0.21054
2138,1,1134,-4.48973,-0.21054
2139,1,1135,-4.48973,-0.21054
2140,1,1136,-4.48973,-0.21054
2141,1,1137,-4.48973,-0.21054
2142,1,1138,-4.48973,-0.21054
2143,1,1139,-4.48973,-0.21054
2144,1,1140,-4.48973,-0.21054
2145,1,1141,-4.48973,-0.21054
2146,1,1142,-4.48973,-0.21054
2147,1,1143,-4.48973,-0.21054
2148,1,1144,-4.48973,-0.21054
2149,1,1145,-4.48973,-0.21054
2150,1,1146,-4.48973,-0.21054
2151,1,1147,-4.48973,-0.21054
2152,1,1148,-4.48973,-0.21054
2153,1,1149,-4.48973,-0.21054
2154,1,1150,-4.48973,-0.21054
2155,1,1151,-4.48973,-0.21054
2156,1,1152,-4.48973,-0.21054
2157,1,1153,-4.48973,-0.21054
2158,1,1154,-4.48973,-0.21054
2159,1,1155,-4.48973,-0.21054
2160,1,1156,-4.48973,-0.21054
2161,1,1157,-4.48973,-0.21054
2162,1,1158,-4.48973,-0.21054
2163,1,1159,-4.49811,-0.213517
2164,1,1160,-4.49916,-0.213888
2165,1,1161,-4.49916,-0.213888
2166,1,1162,-4.49916,-0.213888
2167,1,1163,-4.49916,-0.213888
2168,1,1164,-4.49916,-0.213888
2169,1,1165,-4.49916,-0.213888
2170,1,1166,-4.49916,-0.213888
2171,1,1167,-4.49916,-0.213888
2172,1,1168,-4.50006,-0.22246
2173,1,1169,-4.50033,-0.223215
2174,1,1170,-4.50033,-0.223215
2175,1,1171,-4.50033,-0.223215
2176,1,1172,-4.50033,-0.223215
2177,1,1173,-4.50033,-0.223215
2178,1,1174,-4.50033,-0.223215
2179,1,1175,-4.50033,-0.223215
2180,1,1176,-4.50033,-0.223215
2181,1,1177,-4.50033,-0.223215
2182,1,1178,-4.50033,-0.223215
2183,1,1179,-4.50033,-0.223215
2184,1,1180,-4.50033,-0.223215
2185,1,1181,-4.50033,-0.223215
2186,1,1182,-4.50033,-0.223215
2187,1,1183,-4.50033,-0.223215
2188,1,1184,-4.50033,-0.223215
2189,1,1185,-4.50033,-0.223215
2190,1,1186,-4.50033,-0.223215
2191,1,1187,-4.50033,-0.223215
2192,1,1188,-4.50033,-0.223215
2193,1,1189,-4.50033,-0.223215
2194,1,1190,-4.49832,-0.214552
2195,1,1191,-4.49807,-0.213474
2196,1,1192,-4.49807,-0.213474
2197,1,1193,-4.49807,-0.213474
2198,1,1194,-4.49807,-0.213474
2199,1,1195,-4.49807,-0.213474
2200,1,1196,-4.49807,-0.213474
2201,1,1197,-4.49807,-0.213474
2202,1,1198,-4.49807,-0.213474
2203,1,1199,-4.49807,-0.213474
2204,1,1200,-4.49807,-0.213474
2205,1,1201,-4.49807,-0.213474
2206,1,1202,-4.49807,-0.213474
2207,1,1203,-4.49807,-0.213474
2208,1,1204,-4.49807,-0.213474
2209,1,1205,-4.49807,-0.213474
2210,1,1206,-4.49807,-0.213474
2211,1,1207,-4.49807,-0.213474
2212,1,1208,-4.49807,-0.213474
2213,1,1209,-4.49807,-0.213474
2214,1,1210,-4.49807,-0.213474
2215,1,1211,-4.49807,-0.213474
2216,1,1212,-4.49807,-0.213474
2217,1,1213,-4.49807,-0.213474
2218,1,1214,-4.49807,-0.213474
2219,1,1215,-4.49807,-0.213474
2220,1,1216,-4.49807,-0.213474
2221,1,1217,-4.49807,-0.213474
2222,1,1218,-4.49485,-0.219568
2223,1,1219,-4.49462,-0.22001
2224,1,1220,-4.49462,-0.22001
2225,1,1221,-4.49462,-0.22001
2226,1,1222,-4.49462,-0.22001
2227,1,1223,-4.49462,-0.22001
2228,1,1224,-4.49462,-0.22001
2229,1,1225,-4.49462,-0.22001
2230,1,1226,-4.49462,-0.22001
2231,1,1227,-4.49462,-0.22001
2232,1,1228,-4.49462,-0.22001
2233,1,1229,-4.49462,-0.22001
2234,1,1230,-4.49462,-0.22001
2235,1,1231,-4.49462,-0.22001
2236,1,1232,-4.49462,-0.22001
2237,1,1233,-4.49462,-0.22001
2238,1,1234,-4.49462,-0.22001
2239,1,1235,-4.49462,-0.22001
2240,1,1236,-4.49462,-0.22001
2241,1,1237,-4.49462,-0.22001
2242,1,1238,-4.49462,-0.22001
2243,1,1239,-4.49462,-0.22001
2244,1,1240,-4.49462,-0.22001
2245,1,1241,-4.49462,-0.22001
2246,1,1242,-4.49987,-0.212833
2247,1,1243,-4.50048,-0.211899
2248,1,1244,-4.50048,-0.211899
2249,1,1245,-4.50048,-0.211899
2250,1,1246,-4.50048,-0.211899
2251,1,1247,-4.50048,-0.211899
2252,1,1248,-4.50048,-0.211899
2253,1,1249,-4.50048,-0.211899
2254,1,1250,-4.50048,-0.211899
2255,1,1251,-4.50048,-0.211899
2256,1,1252,-4.50048,-0.211899
2257,1,1253,-4.50048,-0.211899
2258,1,1254,-4.50048,-0.211899
2259,1,1255,-4.50048,-0.211899
2260,1,1256,-4.50048,-0.211899
2261,1,1257,-4.50048,-0.211899
2262,1,1258,-4.50048,-0.211899
2263,1,1259,-4.50048,-0.211899
2264,1,1260,-4.50048,-0.211899
2265,1,1261,-4.50048,-0.211899
2266,1,1262,-4.50048,-0.211899
2267,1,1263,-4.50048,-0.211899
2268,1,1264,-4.50048,-0.211899
2269,1,1265,-4.49522,-0.21907
2270,1,1266,-4.49463,-0.219876
2271,1,1267,-4.49463,-0.219876
2272,1,1268,-4.49463,-0.219876
2273,1,1269,-4.49463,-0.219876
2274,1,1270,-4.49463,-0.219876
2275,1,1271,-4.49463,-0.219876
2276,1,1272,-4.49351,-0.218607
2277,1,1273,-4.49336,-0.218445
2278,1,1274,-4.49336,-0.218445
2279,1,1275,-4.49336,-0.218445
2280,1,1276,-4.49336,-0.218445
2281,1,1277,-4.49336,-0.218445
2282,1,1278,-4.49336,-0.218445
2283,1,1279,-4.49336,-0.218445
2284,1,1280,-4.49336,-0.218445
2285,1,1281,-4.49336,-0.218445
2286,1,1282,-4.49336,-0.218445
2287,1,1283,-4.49336,-0.218445
2288,1,1284,-4.49336,-0.218445
2289,1,1285,-4.49336,-0.218445
2290,1,1286,-4.49336,-0.218445
2291,1,1287,-4.49336,-0.218445
2292,1,1288,-4.49336,-0.218445
2293,1,1289,-4.49336,-0.218445
2294,1,1290,-4.49336,-0.218445
2295,1,1291,-4.49336,-0.218445
2296,1,1292,-4.49336,-0.218445
2297,1,1293,-4.49336,-0.218445
2298,1,1294,-4.49336,-0.218445
2299,1,1295,-4.49336,-0.218445
2300,1,1296,-4.49336,-0.218445
2301,1,1297,-4.49336,-0.218445
2302,1,1298,-4.49336,-0.218445
2303,1,1299,-4.49336,-0.218445
2304,1,1300,-4.49336,-0.218445
2305,1,1301,-4.49965,-0.224596
2306,1,1302,-4.50044,-0.225372
2307,1,1303,-4.50044,-0.225372
2308,1,1304,-4.50044,-0.225372
2309,1,1305,-4.50044,-0.225372
2310,1,1306,-4.50044,-0.225372
2311,1,1307,-4.50044,-0.225372
2312,1,1308,-4.50044,-0.225372
2313,1,1309,-4.50044,-0.225372
2314,1,1310,-4.50044,-0.225372
2315,1,1311,-4.50044,-0.225372
2316,1,1312,-4.50044,-0.225372
2317,1,1313,-4.50044,-0.225372
2318,1,1314,-4.50044,-0.225372
2319,1,1315,-4.50044,-0.225372
2320,1,1316,-4.50044,-0.225372
2321,1,1317,-4.50044,-0.225372
2322,1,1318,-4.50044,-0.225372
2323,1,1319,-4.50044,-0.225372
2324,1,1320,-4.50044,-0.225372
2325,1,1321,-4.50044,-0.225372
2326,1,1322,-4.50044,-0.225372
2327,1,1323,-4.50044,-0.225372
2328,1,1324,-4.50044,-0.225372
2329,1,1325,-4.50044,-0.225372
2330,1,1326,-4.50044,-0.225372
2331,1,1327,-4.50044,-0.225372
2332,1,1328,-4.50044,-0.225372
2333,1,1329,-4.50044,-0.225372
2334,1,1330,-4.50044,-0.225372
2335,1,1331,-4.50105,-0.217364
2336,1,1332,-4.50106,-0.216263
2337,1,1333,-4.50106,-0.216263
2338,1,1334,-4.50106,-0.216263
2339,1,1335,-4.50106,-0.216263
2340,1,1336,-4.50106,-0.216263
2341,1,1337,-4.50106,-0.216263
2342,1,1338,-4.50106,-0.216263
2343,1,1339,-4.50106,-0.216263
2344,1,1340,-4.50106,-0.216263
2345,1,1341,-4.50106,-0.216263
2346,1,1342,-4.50106,-0.216263
2347,1,1343,-4.50106,-0.216263
2348,1,1344,-4.50106,-0.216263
2349,1,1345,-4.50106,-0.216263
2350,1,1346,-4.50106,-0.216263
2351,1,1347,-4.50106,-0.216263
2352,1,1348,-4.50106,-0.216263
2353,1,1349,-4.50123,-0.221766
2354,1,1350,-4.50126,-0.222445
2355,1,1351,-4.50126,-0.222445
2356,1,1352,-4.50126,-0.222445
2357,1,1353,-4.50126,-0.222445
2358,1,1354,-4.50132,-0.229979
2359,1,1355,-4.50141,-0.230645
2360,1,1356,-4.50141,-0.230645
2361,1,1357,-4.50141,-0.230645
2362,1,1358,-4.50141,-0.230645
2363,1,1359,-4.50141,-0.230645
2364,1,1360,-4.50141,-0.230645
2365,1,1361,-4.50141,-0.230645
2366,1,1362,-4.50141,-0.230645
2367,1,1363,-4.50141,-0.230645
2368,1,1364,-4.50141,-0.230645
2369,1,1365,-4.50141,-0.230645
2370,1,1366,-4.50141,-0.230645
2371,1,1367,-4.50141,-0.230645
2372,1,1368,-4.50141,-0.230645
2373,1,1369,-4.49764,-0.225897
2374,1,1370,-4.49716,-0.225325
2375,1,1371,-4.49716,-0.225325
2376,1,1372,-4.49716,-0.225325
2377,1,1373,-4.49716,-0.225325
2378,1,1374,-4.49716,-0.225325
2379,1,1375,-4.49402,-0.217004
2380,1,1376,-4.49363,-0.215968
2381,1,1377,-4.49363,-0.215968
2382,1,1378,-4.49363,-0.215968
2383,1,1379,-4.49363,-0.215968
2384,1,1380,-4.49363,-0.215968
2385,1,1381,-4.49363,-0.215968
2386,1,1382,-4.49363,-0.215968
2387,1,1383,-4.49363,-0.215968
2388,1,1384,-4.49363,-0.215968
2389,1,1385,-4.49363,-0.215968
2390,1,1386,-4.49363,-0.215968
2391,1,1387,-4.49363,-0.215968
2392,1,1388,-4.49363,-0.215968
2393,1,1389,-4.49363,-0.215968
2394,1,1390,-4.49363,-0.215968
2395,1,1391,-4.49363,-0.215968
2396,1,1392,-4.49363,-0.215968
2397,1,1393,-4.49363,-0.215968
2398,1,1394,-4.49363,-0.215968
2399,1,1395,-4.49994,-0.222239
2400,1,1396,-4.50072,-0.22302
2401,1,1397,-4.50072,-0.22302
2402,1,1398,-4.50072,-0.22302
2403,1,1399,-4.50072,-0.22302
2404,1,1400,-4.50072,-0.22302
2405,1,1401,-4.50072,-0.22302
2406,1,1402,-4.50072,-0.22302
2407,1,1403,-4.50072,-0.22302
2408,1,1404,-4.50072,-0.22302
2409,1,1405,-4.50072,-0.22302
2410,1,1406,-4.50072,-0.22302
2411,1,1407,-4.49586,-0.227906
2412,1,1408,-4.49551,-0.22826
2413,1,1409,-4.49551,-0.22826
2414,1,1410,-4.49551,-0.22826
2415,1,1411,-4.49551,-0.22826
2416,1,1412,-4.49551,-0.22826
2417,1,1413,-4.49551,-0.22826
2418,1,1414,-4.49551,-0.22826
2419,1,1415,-4.49551,-0.22826
2420,1,1416,-4.49551,-0.22826
2421,1,1417,-4.49551,-0.22826
2422,1,1418,-4.49551,-0.22826
2423,1,1419,-4.49551,-0.22826
2424,1,1420,-4.49551,-0.22826
2425,1,1421,-4.49551,-0.22826
2426,1,1422,-4.49551,-0.22826
2427,1,1423,-4.49551,-0.22826
2428,1,1424,-4.49551,-0.22826
2429,1,1425,-4.49613,-0.219389
2430,1,1426,-4.49621,-0.218285
2431,1,1427,-4.49621,-0.218285
2432,1,1428,-4.49621,-0.218285
2433,1,1429,-4.49621,-0.218285
2434,1,1430,-4.49621,-0.218285
2435,1,1431,-4.49621,-0.218285
2436,1,1432,-4.49621,-0.218285
2437,1,1433,-4.49621,-0.218285
2438,1,1434,-4.49621,-0.218285
2439,1,1435,-4.49621,-0.218285
2440,1,1436,-4.49621,-0.218285
2441,1,1437,-4.49621,-0.218285
2442,1,1438,-4.49621,-0.218285
2443,1,1439,-4.49621,-0.218285
2444,1,1440,-4.49621,-0.218285
2445,1,1441,-4.49621,-0.218285
2446,1,1442,-4.49621,-0.218285
2447,1,1443,-4.49621,-0.218285
2448,1,1444,-4.49621,-0.218285
2449,1,1445,-4.49621,-0.218285
2450,1,1446,-4.49621,-0.218285
2451,1,1447,-4.49621,-0.218285
2452,1,1448,-4.49558,-0.227155
2453,1,1449,-4.49566,-0.2278
2454,1,1450,-4.49566,-0.2278
2455,1,1451,-4.49566,-0.2278
2456,1,1452,-4.49566,-0.2278
2457,1,1453,-4.49566,-0.2278
2458,1,1454,-4.49566,-0.2278
2459,1,1455,-4.49566,-0.2278
2460,1,1456,-4.49566,-0.2278
2461,1,1457,-4.49566,-0.2278
2462,1,1458,-4.49566,-0.2278
2463,1,1459,-4.49566,-0.2278
2464,1,1460,-4.49566,-0.2278
2465,1,1461,-4.49566,-0.2278
2466,1,1462,-4.49566,-0.2278
2467,1,1463,-4.49566,-0.2278
2468,1,1464,-4.49566,-0.2278
2469,1,1465,-4.49566,-0.2278
2470,1,1466,-4.49566,-0.2278
2471,1,1467,-4.49566,-0.2278
2472,1,1468,-4.49566,-0.2278
2473,1,1469,-4.49566,-0.2278
2474,1,1470,-4.49566,-0.2278
2475,1,1471,-4.49631,-0.218931
2476,1,1472,-4.49639,-0.217826
2477,1,1473,-4.49639,-0.217826
2478,1,1474,-4.49639,-0.217826
2479,1,1475,-4.49639,-0.217826
2480,1,1476,-4.49639,-0.217826
2481,1,1477,-4.49639,-0.217826
2482,1,1478,-4.49639,-0.217826
2483,1,1479,-4.49639,-0.217826
2484,1,1480,-4.49639,-0.217826
2485,1,1481,-4.49639,-0.217826
2486,1,1482,-4.49639,-0.217826
2487,1,1483,-4.49639,-0.217826
2488,1,1484,-4.49639,-0.217826
2489,1,1485,-4.50331,-0.220433
2490,1,1486,-4.50378,-0.220609
2491,1,1487,-4.50378,-0.220609
2492,1,1488,-4.50378,-0.220609
2493,1,1489,-4.50378,-0.220609
2494,1,1490,-4.50378,-0.220609
2495,1,1491,-4.50408,-0.226344
2496,1,1492,-4.50413,-0.227049
2497,1,1493,-4.50413,-0.227049
2498,1,1494,-4.50413,-0.227049
2499,1,1495,-4.50413,-0.227049
2500,1,1496,-4.50413,-0.227049
2501,1,1497,-4.50413,-0.227049
2502,1,1498,-4.50413,-0.227049
2503,1,1499,-4.50413,-0.227049
2504,1,1500,-4.50413,-0.227049
2505,1,1501,-4.50413,-0.227049
2506,1,1502,-4.50413,-0.227049
2507,1,1503,-4.49675,-0.231045
2508,1,1504,-4.49631,-0.231284
2509,1,1505,-4.49631,-0.231284
2510,1,1506,-4.49631,-0.231284
2511,1,1507,-4.49631,-0.231284
2512,1,1508,-4.49631,-0.231284
2513,1,1509,-4.49631,-0.231284
2514,1,1510,-4.49631,-0.231284
2515,1,1511,-4.49631,-0.231284
2516,1,1512,-4.49631,-0.231284
2517,1,1513,-4.49631,-0.231284
2518,1,1514,-4.49631,-0.231284
2519,1,1515,-4.49631,-0.231284
2520,1,1516,-4.49631,-0.231284
2521,1,1517,-4.49631,-0.231284
2522,1,1518,-4.49631,-0.231284
2523,1,1519,-4.49631,-0.231284
2524,1,1520,-4.49631,-0.231284
2525,1,1521,-4.49631,-0.231284
2526,1,1522,-4.49631,-0.231284
2527,1,1523,-4.49631,-0.231284
2528,1,1524,-4.49631,-0.231284
2529,1,1525,-4.49631,-0.231284
2530,1,1526,-4.49631,-0.231284
2531,1,1527,-4.49631,-0.231284
2532,1,1528,-4.49631,-0.231284
2533,1,1529,-4.49631,-0.231284
2534,1,1530,-4.49631,-0.231284
2535,1,1531,-4.5045,-0.233114
2536,1,1532,-4.50499,-0.233221
2537,1,1533,-4.50499,-0.233221
2538,1,1534,-4.50499,-0.233221
2539,1,1535,-4.50499,-0.233221
2540,1,1536,-4.50499,-0.233221
2541,1,1537,-4.50499,-0.233221
2542,1,1538,-4.50499,-0.233221
2543,1,1539,-4.50499,-0.233221
2544,1,1540,-4.50499,-0.233221
2545,1,1541,-4.50499,-0.233221
2546,1,1542,-4.50499,-0.233221
2547,1,1543,-4.50499,-0.233221
2548,1,1544,-4.50499,-0.233221
2549,1,1545,-4.50499,-0.233221
2550,1,1546,-4.50499,-0.233221
2551,1,1547,-4.50499,-0.233221
2552,1,1548,-4.49905,-0.237619
2553,1,1549,-4.49865,-0.237916
2554,1,1550,-4.49865,-0.237916
2555,1,1551,-4.49865,-0.237916
2556,1,1552,-4.49865,-0.237916
2557,1,1553,-4.49865,-0.237916
2558,1,1554,-4.49865,-0.237916
2559,1,1555,-4.49865,-0.237916
2560,1,1556,-4.49865,-0.237916
2561,1,1557,-4.49865,-0.237916
2562,1,1558,-4.49865,-0.237916
2563,1,1559,-4.49865,-0.237916
2564,1,1560,-4.49865,-0.237916
2565,1,1561,-4.49865,-0.237916
2566,1,1562,-4.49865,-0.237916
2567,1,1563,-4.49865,-0.237916
2568,1,1564,-4.49865,-0.237916
2569,1,1565,-4.49865,-0.237916
2570,1,1566,-4.49865,-0.237916
2571,1,1567,-4.49865,-0.237916
2572,1,1568,-4.49865,-0.237916
2573,1,1569,-4.49865,-0.237916
2574,1,1570,-4.49865,-0.237916
2575,1,1571,-4.50539,-0.232894
2576,1,1572,-4.50579,-0.232558
2577,1,1573,-4.50579,-0.232558
2578,1,1574,-4.50579,-0.232558
2579,1,1575,-4.50579,-0.232558
2580,1,1576,-4.50579,-0.232558
2581,1,1577,-4.50579,-0.232558
2582,1,1578,-4.50579,-0.232558
2583,1,1579,-4.50579,-0.232558
2584,1,1580,-4.50579,-0.232558
2585,1,1581,-4.50579,-0.232558
2586,1,1582,-4.50579,-0.232558
2587,1,1583,-4.50579,-0.232558
2588,1,1584,-4.50579,-0.232558
2589,1,1585,-4.50579,-0.232558
2590,1,1586,-4.50692,-0.24086
2591,1,1587,-4.50706,-0.241845
2592,1,1588,-4.50706,-0.241845
2593,1,1589,-4.50706,-0.241845
2594,1,1590,-4.50706,-0.241845
2595,1,1591,-4.50706,-0.241845
2596,1,1592,-4.50706,-0.241845
2597,1,1593,-4.50706,-0.241845
2598,1,1594,-4.50706,-0.241845
2599,1,1595,-4.50191,-0.245635
2600,1,1596,-4.50151,-0.245932
2601,1,1597,-4.50151,-0.245932
2602,1,1598,-4.50151,-0.245932
2603,1,1599,-4.50151,-0.245932
2604,1,1600,-4.50151,-0.245932
2605,1,1601,-4.50151,-0.245932
2606,1,1602,-4.50151,-0.245932
2607,1,1603,-4.50151,-0.245932
2608,1,1604,-4.50151,-0.245932
2609,1,1605,-4.50151,-0.245932
2610,1,1606,-4.50151,-0.245932
2611,1,1607,-4.50151,-0.245932
2612,1,1608,-4.50151,-0.245932
2613,1,1609,-4.50151,-0.245932
2614,1,1610,-4.50151,-0.245932
2615,1,1611,-4.50151,-0.245932
2616,1,1612,-4.50151,-0.245932
2617,1,1613,-4.50151,-0.245932
2618,1,1614,-4.50151,-0.245932
2619,1,1615,-4.50151,-0.245932
2620,1,1616,-4.50151,-0.245932
2621,1,1617,-4.50151,-0.245932
2622,1,1618,-4.50151,-0.245932
2623,1,1619,-4.50151,-0.245932
2624,1,1620,-4.50151,-0.245932
2625,1,1621,-4.50151,-0.245932
2626,1,1622,-4.50151,-0.245932
2627,1,1623,-4.50151,-0.245932
2628,1,1624,-4.50151,-0.245932
2629,1,1625,-4.50935,-0.249005
2630,1,1626,-4.50983,-0.249249
2631,1,1627,-4.50983,-0.249249
2632,1,1628,-4.50983,-0.249249
2633,1,1629,-4.50983,-0.249249
2634,1,1630,-4.51118,-0.255126
2635,1,1631,-4.51136,-0.255843
2636,1,1632,-4.51136,-0.255843
2637,1,1633,-4.51136,-0.255843
2638,1,1634,-4.51136,-0.255843
2639,1,1635,-4.51136,-0.255843
2640,1,1636,-4.51136,-0.255843
2641,1,1637,-4.51136,-0.255843
2642,1,1638,-4.51136,-0.255843
2643,1,1639,-4.51136,-0.255843
2644,1,1640,-4.51136,-0.255843
2645,1,1641,-4.51136,-0.255843
2646,1,1642,-4.51136,-0.255843
2647,1,1643,-4.51136,-0.255843
2648,1,1644,-4.51136,-0.255843
2649,1,1645,-4.51136,-0.255843
2650,1,1646,-4.51136,-0.255843
2651,1,1647,-4.51136,-0.255843
2652,1,1648,-4.51136,-0.255843
2653,1,1649,-4.51136,-0.255843
2654,1,1650,-4.51136,-0.255843
2655,1,1651,-4.51136,-0.255843
2656,1,1652,-4.51136,-0.255843
2657,1,1653,-4.51136,-0.255843
2658,1,1654,-4.51136,-0.255843
2659,1,1655,-4.51136,-0.255843
2660,1,1656,-4.51136,-0.255843
2661,1,1657,-4.51136,-0.255843
2662,1,1658,-4.51136,-0.255843
2663,1,1659,-4.51004,-0.250392
2664,1,1660,-4.50984,-0.249643
2665,1,1661,-4.50984,-0.249643
2666,1,1662,-4.50984,-0.249643
2667,1,1663,-4.50984,-0.249643
2668,1,1664,-4.50984,-0.249643
2669,1,1665,-4.50984,-0.249643
2670,1,1666,-4.50984,-0.249643
2671,1,1667,-4.50984,-0.249643
2672,1,1668,-4.50984,-0.249643
2673,1,1669,-4.50984,-0.249643
2674,1,1670,-4.50984,-0.249643
2675,1,1671,-4.50984,-0.249643
2676,1,1672,-4.50984,-0.249643
2677,1,1673,-4.50984,-0.249643
2678,1,1674,-4.50984,-0.249643
2679,1,1675,-4.51092,-0.254418
2680,1,1676,-4.51107,-0.255011
2681,1,1677,-4.51107,-0.255011
2682,1,1678,-4.51107,-0.255011
2683,1,1679,-4.51107,-0.255011
2684,1,1680,-4.51281,-0.263663
2685,1,1681,-4.51304,-0.264748
2686,1,1682,-4.51304,-0.264748
2687,1,1683,-4.51304,-0.264748
2688,1,1684,-4.51304,-0.264748
2689,1,1685,-4.51304,-0.264748
2690,1,1686,-4.51304,-0.264748
2691,1,1687,-4.51304,-0.264748
2692,1,1688,-4.51304,-0.264748
2693,1,1689,-4.51304,-0.264748
2694,1,1690,-4.51304,-0.264748
2695,1,1691,-4.51304,-0.264748
2696,1,1692,-4.51304,-0.264748
2697,1,1693,-4.51304,-0.264748
2698,1,1694,-4.51304,-0.264748
2699,1,1695,-4.51304,-0.264748
2700,1,1696,-4.51304,-0.264748
2701,1,1697,-4.51304,-0.264748
2702,1,1698,-4.51304,-0.264748
2703,1,1699,-4.51304,-0.264748
2704,1,1700,-4.51304,-0.264748
2705,1,1701,-4.51304,-0.264748
2706,1,1702,-4.51304,-0.264748
2707,1,1703,-4.51304,-0.264748
2708,1,1704,-4.51304,-0.264748
2709,1,1705,-4.51304,-0.264748
2710,1,1706,-4.51318,-0.257823
2711,1,1707,-4.51311,-0.256952
2712,1,1708,-4.51311,-0.256952
2713,1,1709,-4.51311,-0.256952
2714,1,1710,-4.51311,-0.256952
2715,1,1711,-4.51311,-0.256952
2716,1,1712,-4.51311,-0.256952
2717,1,1713,-4.51311,-0.256952
2718,1,1714,-4.51311,-0.256952
2719,1,1715,-4.51311,-0.256952
2720,1,1716,-4.51311,-0.256952
2721,1,1717,-4.51311,-0.256952
2722,1,1718,-4.51311,-0.256952
2723,1,1719,-4.51353,-0.258501
2724,1,1720,-4.51358,-0.2587
2725,1,1721,-4.51358,-0.2587
2726,1,1722,-4.51358,-0.2587
2727,1,1723,-4.51358,-0.2587
2728,1,1724,-4.51546,-0.264994
2729,1,1725,-4.51571,-0.265754
2730,1,1726,-4.51571,-0.265754
2731,1,1727,-4.51571,-0.265754
2732,1,1728,-4.51571,-0.265754
2733,1,1729,-4.51571,-0.265754
2734,1,1730,-4.51571,-0.265754
2735,1,1731,-4.51571,-0.265754
2736,1,1732,-4.51571,-0.265754
2737,1,1733,-4.51571,-0.265754
2738,1,1734,-4.51571,-0.265754
2739,1,1735,-4.51571,-0.265754
2740,1,1736,-4.51571,-0.265754
2741,1,1737,-4.51571,-0.265754
2742,1,1738,-4.51571,-0.265754
2743,1,1739,-4.51571,-0.265754
2744,1,1740,-4.51571,-0.265754
2745,1,1741,-4.51571,-0.265754
2746,1,1742,-4.51571,-0.265754
2747,1,1743,-4.51571,-0.265754
2748,1,1744,-4.51571,-0.265754
2749,1,1745,-4.51571,-0.265754
2750,1,1746,-4.51571,-0.265754
2751,1,1747,-4.51571,-0.265754
2752,1,1748,-4.51571,-0.265754
2753,1,1749,-4.51571,-0.265754
2754,1,1750,-4.5133,-0.257942
2755,1,1751,-4.51097,-0.248531
2756,1,1752,-4.50907,-0.238755
2757,1,1753,-4.50725,-0.228923
2758,1,1754,-4.50542,-0.219091
2759,1,1755,-4.50522,-0.218002
2760,1,1756,-4.50522,-0.218002
2761,1,1757,-4.50522,-0.218002
2762,1,1758,-4.50522,-0.218002
2763,1,1759,-4.50522,-0.218002
2764,1,1760,-4.50522,-0.218002
2765,1,1761,-4.50913,-0.211742
2766,1,1762,-4.50942,-0.21106
2767,1,1763,-4.50942,-0.21106
2768,1,1764,-4.50942,-0.21106
2769,1,1765,-4.50942,-0.21106
2770,1,1766,-4.50942,-0.21106
2771,1,1767,-4.50942,-0.21106
2772,1,1768,-4.50942,-0.21106
2773,1,1769,-4.50942,-0.21106
2774,1,1770,-4.50942,-0.21106
2775,1,1771,-4.50942,-0.21106
2776,1,1772,-4.50942,-0.21106
2777,1,1773,-4.50942,-0.21106
2778,1,1774,-4.50942,-0.21106
2779,1,1775,-4.50942,-0.21106
2780,1,1776,-4.50942,-0.21106
2781,1,1777,-4.50942,-0.21106
2782,1,1778,-4.50942,-0.21106
2783,1,1779,-4.50942,-0.21106
2784,1,1780,-4.50942,-0.21106
2785,1,1781,-4.50942,-0.21106
2786,1,1782,-4.50942,-0.21106
2787,1,1783,-4.50942,-0.21106
2788,1,1784,-4.50942,-0.21106
2789,1,1785,-4.50942,-0.21106
2790,1,1786,-4.50942,-0.21106
2791,1,1787,-4.50942,-0.21106
2792,1,1788,-4.50942,-0.21106
2793,1,1789,-4.50942,-0.21106
2794,1,1790,-4.50054,-0.211531
2795,1,1791,-4.49944,-0.21159
2796,1,1792,-4.49944,-0.21159
2797,1,1793,-4.49944,-0.21159
2798,1,1794,-4.49944,-0.21159
2799,1,1795,-4.49944,-0.21159
2800,1,1796,-4.49944,-0.21159
2801,1,1797,-4.49944,-0.21159
2802,1,1798,-4.49944,-0.21159
2803,1,1799,-4.49944,-0.21159
2804,1,1800,-4.49944,-0.21159
2805,1,1801,-4.49944,-0.21159
2806,1,1802,-4.49944,-0.21159
2807,1,1803,-4.49944,-0.21159
2808,1,1804,-4.49944,-0.21159
2809,1,1805,-4.49944,-0.21159
2810,1,1806,-4.49944,-0.21159
2811,1,1807,-4.49944,-0.21159
2812,1,1808,-4.49944,-0.21159
2813,1,1809,-4.49944,-0.21159
2814,1,1810,-4.49944,-0.21159
2815,1,1811,-4.49944,-0.21159
2816,1,1812,-4.49944,-0.21159
2817,1,1813,-4.49944,-0.21159
2818,1,1814,-4.49944,-0.21159
2819,1,1815,-4.50809,-0.213652
2820,1,1816,-4.50906,-0.213883
2821,1,1817,-4.50906,-0.213883
2822,1,1818,-4.50906,-0.213883
2823,1,1819,-4.50906,-0.213883
2824,1,1820,-4.50906,-0.213883
2825,1,1821,-4.50906,-0.213883
2826,1,1822,-4.50906,-0.213883
2827,1,1823,-4.50906,-0.213883
2828,1,1824,-4.50906,-0.213883
2829,1,1825,-4.50906,-0.213883
2830,1,1826,-4.50906,-0.213883
2831,1,1827,-4.50906,-0.213883
2832,1,1828,-4.50906,-0.213883
2833,1,1829,-4.50906,-0.213883
2834,1,1830,-4.50906,-0.213883
2835,1,1831,-4.50906,-0.213883
2836,1,1832,-4.50906,-0.213883
2837,1,1833,-4.50906,-0.213883
2838,1,1834,-4.50906,-0.213883
2839,1,1835,-4.50906,-0.213883
2840,1,1836,-4.50906,-0.213883
2841,1,1837,-4.50906,-0.213883
2842,1,1838,-4.50906,-0.213883
2843,1,1839,-4.50906,-0.213883
2844,1,1840,-4.50906,-0.213883
2845,1,1841,-4.50906,-0.213883
2846,1,1842,-4.50291,-0.207463
2847,1,1843,-4.50214,-0.206663
2848,1,1844,-4.50214,-0.206663
2849,1,1845,-4.50214,-0.206663
2850,1,1846,-4.50214,-0.206663
2851,1,1847,-4.50214,-0.206663
2852,1,1848,-4.50214,-0.206663
2853,1,1849,-4.50214,-0.206663
2854,1,1850,-4.50214,-0.206663
2855,1,1851,-4.50214,-0.206663
2856,1,1852,-4.50214,-0.206663
2857,1,1853,-4.50214,-0.206663
2858,1,1854,-4.50214,-0.206663
2859,1,1855,-4.50214,-0.206663
2860,1,1856,-4.50214,-0.206663
2861,1,1857,-4.50214,-0.206663
2862,1,1858,-4.50214,-0.206663
2863,1,1859,-4.50214,-0.206663
2864,1,1860,-4.50214,-0.206663
2865,1,1861,-4.50214,-0.206663
2866,1,1862,-4.50214,-0.206663
2867,1,1863,-4.50214,-0.206663
2868,1,1864,-4.50214,-0.206663
2869,1,1865,-4.50214,-0.206663
2870,1,1866,-4.50214,-0.206663
2871,1,1867,-4.50214,-0.206663
2872,1,1868,-4.50214,-0.206663
2873,1,1869,-4.50214,-0.206663
2874,1,1870,-4.50214,-0.206663
2875,1,1871,-4.5013,-0.215517
2876,1,1872,-4.5012,-0.216619
2877,1,1873,-4.5012,-0.216619
2878,1,1874,-4.5012,-0.216619
2879,1,1875,-4.5012,-0.216619
2880,1,1876,-4.5012,-0.216619
2881,1,1877,-4.5012,-0.216619
2882,1,1878,-4.5012,-0.216619
2883,1,1879,-4.5012,-0.216619
2884,1,1880,-4.5012,-0.216619
2885,1,1881,-4.5012,-0.216619
2886,1,1882,-4.5012,-0.216619
2887,1,1883,-4.5012,-0.216619
2888,1,1884,-4.49256,-0.214524
2889,1,1885,-4.49148,-0.214264
2890,1,1886,-4.49148,-0.214264
2891,1,1887,-4.49148,-0.214264
2892,1,1888,-4.49148,-0.214264
2893,1,1889,-4.49148,-0.214264
2894,1,1890,-4.49148,-0.214264
2895,1,1891,-4.49148,-0.214264
2896,1,1892,-4.49148,-0.214264
2897,1,1893,-4.49148,-0.214264
2898,1,1894,-4.49148,-0.214264
2899,1,1895,-4.49148,-0.214264
2900,1,1896,-4.49148,-0.214264
2901,1,1897,-4.49148,-0.214264
2902,1,1898,-4.49148,-0.214264
2903,1,1899,-4.49148,-0.214264
2904,1,1900,-4.49148,-0.214264
2905,1,1901,-4.49148,-0.214264
2906,1,1902,-4.49148,-0.214264
2907,1,1903,-4.49148,-0.214264
2908,1,1904,-4.49148,-0.214264
2909,1,1905,-4.49148,-0.214264
2910,1,1906,-4.49148,-0.214264
2911,1,1907,-4.49148,-0.214264
2912,1,1908,-4.49148,-0.214264
2913,1,1909,-4.49148,-0.214264
2914,1,1910,-4.49148,-0.214264
2915,1,1911,-4.49148,-0.214264
2916,1,1912,-4.49663,-0.221514
2917,1,1913,-4.49727,-0.222417
2918,1,1914,-4.49727,-0.222417
2919,1,1915,-4.49727,-0.222417
2920,1,1916,-4.49727,-0.222417
2921,1,1917,-4.49727,-0.222417
2922,1,1918,-4.49727,-0.222417
2923,1,1919,-4.49727,-0.222417
2924,1,1920,-4.49727,-0.222417
2925,1,1921,-4.49727,-0.222417
2926,1,1922,-4.49727,-0.222417
2927,1,1923,-4.49727,-0.222417
2928,1,1924,-4.49727,-0.222417
2929,1,1925,-4.49727,-0.222417
2930,1,1926,-4.49727,-0.222417
2931,1,1927,-4.49727,-0.222417
2932,1,1928,-4.49727,-0.222417
2933,1,1929,-4.49727,-0.222417
2934,1,1930,-4.49727,-0.222417
2935,1,1931,-4.48902,-0.219092
2936,1,1932,-4.488,-0.218678
2937,1,1933,-4.488,-0.218678
2938,1,1934,-4.488,-0.218678
2939,1,1935,-4.488,-0.218678
2940,1,1936,-4.488,-0.218678
2941,1,1937,-4.488,-0.218678
2942,1,1938,-4.488,-0.218678
2943,1,1939,-4.488,-0.218678
2944,1,1940,-4.488,-0.218678
2945,1,1941,-4.488,-0.218678
2946,1,1942,-4.488,-0.218678
2947,1,1943,-4.488,-0.218678
2948,1,1944,-4.49247,-0.210991
2949,1,1945,-4.49302,-0.210033
2950,1,1946,-4.49302,-0.210033
2951,1,1947,-4.49302,-0.210033
2952,1,1948,-4.49302,-0.210033
2953,1,1949,-4.49302,-0.210033
2954,1,1950,-4.49302,-0.210033
2955,1,1951,-4.49302,-0.210033
2956,1,1952,-4.49302,-0.210033
2957,1,1953,-4.49302,-0.210033
2958,1,1954,-4.49302,-0.210033
2959,1,1955,-4.49302,-0.210033
2960,1,1956,-4.49302,-0.210033
2961,1,1957,-4.49302,-0.210033
2962,1,1958,-4.49302,-0.210033
2963,1,1959,-4.49302,-0.210033
2964,1,1960,-4.49302,-0.210033
2965,1,1961,-4.49302,-0.210033
2966,1,1962,-4.49302,-0.210033
2967,1,1963,-4.49302,-0.210033
2968,1,1964,-4.49302,-0.210033
2969,1,1965,-4.49302,-0.210033
2970,1,1966,-4.49302,-0.210033
2971,1,1967,-4.49302,-0.210033
2972,1,1968,-4.4875,-0.217
2973,1,1969,-4.48681,-0.217867
2974,1,1970,-4.48681,-0.217867
2975,1,1971,-4.48681,-0.217867
2976,1,1972,-4.48681,-0.217867
2977,1,1973,-4.48681,-0.217867
2978,1,1974,-4.48681,-0.217867
2979,1,1975,-4.48681,-0.217867
2980,1,1976,-4.48681,-0.217867
2981,1,1977,-4.48681,-0.217867
2982,1,1978,-4.47857,-0.214521
2983,1,1979,-4.47754,-0.214105
2984,1,1980,-4.47754,-0.214105
2985,1,1981,-4.47754,-0.214105
2986,1,1982,-4.47754,-0.214105
2987,1,1983,-4.47754,-0.214105
2988,1,1984,-4.47754,-0.214105
2989,1,1985,-4.47754,-0.214105
2990,1,1986,-4.47754,-0.214105
2991,1,1987,-4.47754,-0.214105
2992,1,1988,-4.47754,-0.214105
2993,1,1989,-4.47754,-0.214105
2994,1,1990,-4.47754,-0.214105
2995,1,1991,-4.47754,-0.214105
2996,1,1992,-4.47754,-0.214105
2997,1,1993,-4.47754,-0.214105
2998,1,1994,-4.47754,-0.214105
2999,1,1995,-4.47754,-0.214105
3000,1,1996,-4.47754,-0.214105
3001,1,1997,-4.48628,-0.212474
3002,1,1998,-4.48737,-0.212271
3003,1,1999,-4.48737,-0.212271
3004,1,2000,-4.48737,-0.212271
3005,1,2001,-4.48737,-0.212271
3006,1,2002,-4.48737,-0.212271
3007,1,2003,-4.48737,-0.212271
3008,1,2004,-4.48737,-0.212271
3009,1,2005,-4.49347,-0.218745
3010,1,2006,-4.49423,-0.219551
3011,1,2007,-4.49423,-0.219551
3012,1,2008,-4.49423,-0.219551
3013,1,2009,-4.49423,-0.219551
3014,1,2010,-4.49423,-0.219551
3015,1,2011,-4.49423,-0.219551
3016,1,2012,-4.49423,-0.219551
3017,1,2013,-4.49423,-0.219551
3018,1,2014,-4.49423,-0.219551
3019,1,2015,-4.49423,-0.219551
3020,1,2016,-4.49423,-0.219551
3021,1,2017,-4.49423,-0.219551
3022,1,2018,-4.49423,-0.219551
3023,1,2019,-4.49423,-0.219551
3024,1,2020,-4.49423,-0.219551
3025,1,2021,-4.49423,-0.219551
3026,1,2022,-4.49423,-0.219551
3027,1,2023,-4.49423,-0.219551
3028,1,2024,-4.49423,-0.219551
3029,1,2025,-4.49423,-0.219551
3030,1,2026,-4.49423,-0.219551
3031,1,2027,-4.49423,-0.219551
3032,1,2028,-4.48814,-0.213069
3033,1,2029,-4.48738,-0.212262
3034,1,2030,-4.48738,-0.212262
3035,1,2031,-4.48738,-0.212262
3036,1,2032,-4.48738,-0.212262
3037,1,2033,-4.48738,-0.212262
3038,1,2034,-4.48738,-0.212262
3039,1,2035,-4.48738,-0.212262
3040,1,2036,-4.48738,-0.212262
3041,1,2037,-4.48738,-0.212262
3042,1,2038,-4.49189,-0.204597
3043,1,2039,-4.49245,-0.203643
3044,1,2040,-4.49245,-0.203643
3045,1,2041,-4.49245,-0.203643
3046,1,2042,-4.49245,-0.203643
3047,1,2043,-4.49245,-0.203643
3048,1,2044,-4.49245,-0.203643
3049,1,2045,-4.49245,-0.203643
3050,1,2046,-4.49245,-0.203643
3051,1,2047,-4.49245,-0.203643
3052,1,2048,-4.49245,-0.203643
3053,1,2049,-4.49245,-0.203643
3054,1,2050,-4.49245,-0.203643
3055,1,2051,-4.49245,-0.203643
3056,1,2052,-4.49245,-0.203643
3057,1,2053,-4.49245,-0.203643
3058,1,2054,-4.49245,-0.203643
3059,1,2055,-4.49245,-0.203643
3060,1,2056,-4.49245,-0.203643
3061,1,2057,-4.49245,-0.203643
3062,1,2058,-4.49245,-0.203643
3063,1,2059,-4.49245,-0.203643
3064,1,2060,-4.49245,-0.203643
3065,1,2061,-4.49245,-0.203643
3066,1,2062,-4.49245,-0.203643
3067,1,2063,-4.49245,-0.203643
3068,1,2064,-4.49245,-0.203643
3069,1,2065,-4.49245,-0.203643
3070,1,2066,-4.49245,-0.203643
3071,1,2067,-4.49245,-0.203643
3072,1,2068,-4.48357,-0.203979
3073,1,2069,-4.48246,-0.204021
3074,1,2070,-4.48246,-0.204021
3075,1,2071,-4.48246,-0.204021
3076,1,2072,-4.48246,-0.204021
3077,1,2073,-4.48246,-0.204021
3078,1,2074,-4.48246,-0.204021
3079,1,2075,-4.48246,-0.204021
3080,1,2076,-4.48246,-0.204021
3081,1,2077,-4.48246,-0.204021
3082,1,2078,-4.48246,-0.204021
3083,1,2079,-4.48246,-0.204021
3084,1,2080,-4.48246,-0.204021
3085,1,2081,-4.48246,-0.204021
3086,1,2082,-4.48246,-0.204021
3087,1,2083,-4.48246,-0.204021
3088,1,2084,-4.48246,-0.204021
3089,1,2085,-4.48803,-0.19709
3090,1,2086,-4.48872,-0.196227
3091,1,2087,-4.48872,-0.196227
3092,1,2088,-4.48872,-0.196227
3093,1,2089,-4.48872,-0.196227
3094,1,2090,-4.48872,-0.196227
3095,1,2091,-4.48872,-0.196227
3096,1,2092,-4.48872,-0.196227
3097,1,2093,-4.49757,-0.19717
3098,1,2094,-4.49867,-0.197288
3099,1,2095,-4.49867,-0.197288
3100,1,2096,-4.49867,-0.197288
3101,1,2097,-4.49867,-0.197288
3102,1,2098,-4.49867,-0.197288
3103,1,2099,-4.49867,-0.197288
3104,1,2100,-4.49867,-0.197288
3105,1,2101,-4.49867,-0.197288
3106,1,2102,-4.49867,-0.197288
3107,1,2103,-4.49867,-0.197288
3108,1,2104,-4.49867,-0.197288
3109,1,2105,-4.49867,-0.197288
3110,1,2106,-4.49867,-0.197288
3111,1,2107,-4.49867,-0.197288
3112,1,2108,-4.49867,-0.197288
3113,1,2109,-4.49309,-0.204212
3114,1,2110,-4.49239,-0.205074
3115,1,2111,-4.49239,-0.205074
3116,1,2112,-4.49239,-0.205074
3117,1,2113,-4.49239,-0.205074
3118,1,2114,-4.49239,-0.205074
3119,1,2115,-4.49239,-0.205074
3120,1,2116,-4.49239,-0.205074
3121,1,2117,-4.49239,-0.205074
3122,1,2118,-4.49239,-0.205074
3123,1,2119,-4.49239,-0.205074
3124,1,2120,-4.49239,-0.205074
3125,1,2121,-4.49239,-0.205074
3126,1,2122,-4.49239,-0.205074
3127,1,2123,-4.49239,-0.205074
3128,1,2124,-4.49239,-0.205074
3129,1,2125,-4.49239,-0.205074
3130,1,2126,-4.49239,-0.205074
3131,1,2127,-4.49239,-0.205074
3132,1,2128,-4.49239,-0.205074
3133,1,2129,-4.49239,-0.205074
3134,1,2130,-4.49239,-0.205074
3135,1,2131,-4.49239,-0.205074
3136,1,2132,-4.49239,-0.205074
3137,1,2133,-4.49239,-0.205074
3138,1,2134,-4.4997,-0.200013
3139,1,2135,-4.50061,-0.199382
3140,1,2136,-4.50061,-0.199382
3141,1,2137,-4.50061,-0.199382
3142,1,2138,-4.50061,-0.199382
3143,1,2139,-4.50061,-0.199382
3144,1,2140,-4.50061,-0.199382
3145,1,2141,-4.50061,-0.199382
3146,1,2142,-4.50061,-0.199382
3147,1,2143,-4.50061,-0.199382
3148,1,2144,-4.50061,-0.199382
3149,1,2145,-4.50061,-0.199382
3150,1,2146,-4.50061,-0.199382
3151,1,2147,-4.50061,-0.199382
3152,1,2148,-4.50061,-0.199382
3153,1,2149,-4.50061,-0.199382
3154,1,2150,-4.50061,-0.199382
3155,1,2151,-4.50061,-0.199382
3156,1,2152,-4.50061,-0.199382
3157,1,2153,-4.50061,-0.199382
3158,1,2154,-4.50061,-0.199382
3159,1,2155,-4.50061,-0.199382
3160,1,2156,-4.50061,-0.199382
3161,1,2157,-4.50061,-0.199382
3162,1,2158,-4.49265,-0.203341
3163,1,2159,-4.49166,-0.203834
3164,1,2160,-4.49166,-0.203834
3165,1,2161,-4.49166,-0.203834
3166,1,2162,-4.49166,-0.203834
3167,1,2163,-4.49166,-0.203834
3168,1,2164,-4.49166,-0.203834
3169,1,2165,-4.49166,-0.203834
3170,1,2166,-4.49166,-0.203834
3171,1,2167,-4.49166,-0.203834
3172,1,2168,-4.49166,-0.203834
3173,1,2169,-4.48661,-0.196512
3174,1,2170,-4.48598,-0.195601
3175,1,2171,-4.48598,-0.195601
3176,1,2172,-4.48598,-0.195601
3177,1,2173,-4.48598,-0.195601
3178,1,2174,-4.48598,-0.195601
3179,1,2175,-4.48598,-0.195601
3180,1,2176,-4.48598,-0.195601
3181,1,2177,-4.48598,-0.195601
3182,1,2178,-4.48598,-0.195601
3183,1,2179,-4.48598,-0.195601
3184,1,2180,-4.48598,-0.195601
3185,1,2181,-4.48598,-0.195601
3186,1,2182,-4.48598,-0.195601
3187,1,2183,-4.48598,-0.195601
3188,1,2184,-4.48598,-0.195601
3189,1,2185,-4.48598,-0.195601
3190,1,2186,-4.48598,-0.195601
3191,1,2187,-4.48598,-0.195601
3192,1,2188,-4.48598,-0.195601
3193,1,2189,-4.49361,-0.200172
3194,1,2190,-4.49456,-0.200741
3195,1,2191,-4.49456,-0.200741
3196,1,2192,-4.49456,-0.200741
3197,1,2193,-4.49456,-0.200741
3198,1,2194,-4.49456,-0.200741
3199,1,2195,-4.49456,-0.200741
3200,1,2196,-4.49456,-0.200741
3201,1,2197,-4.49456,-0.200741
3202,1,2198,-4.49357,-0.209579
3203,1,2199,-4.49344,-0.210679
3204,1,2200,-4.49344,-0.210679
3205,1,2201,-4.49344,-0.210679
3206,1,2202,-4.49344,-0.210679
3207,1,2203,-4.49344,-0.210679
3208,1,2204,-4.49344,-0.210679
3209,1,2205,-4.49344,-0.210679
3210,1,2206,-4.49344,-0.210679
3211,1,2207,-4.49344,-0.210679
3212,1,2208,-4.49344,-0.210679
3213,1,2209,-4.49344,-0.210679
3214,1,2210,-4.49344,-0.210679
3215,1,2211,-4.49344,-0.210679
3216,1,2212,-4.49344,-0.210679
3217,1,2213,-4.49344,-0.210679
3218,1,2214,-4.49344,-0.210679
3219,1,2215,-4.49344,-0.210679
3220,1,2216,-4.48842,-0.203344
3221,1,2217,-4.48779,-0.202431
3222,1,2218,-4.48779,-0.202431
3223,1,2219,-4.48779,-0.202431
3224,1,2220,-4.48779,-0.202431
3225,1,2221,-4.48779,-0.202431
3226,1,2222,-4.48779,-0.202431
3227,1,2223,-4.48779,-0.202431
3228,1,2224,-4.48779,-0.202431
3229,1,2225,-4.48779,-0.202431
3230,1,2226,-4.48779,-0.202431
3231,1,2227,-4.48779,-0.202431
3232,1,2228,-4.48779,-0.202431
3233,1,2229,-4.48779,-0.202431
3234,1,2230,-4.48779,-0.202431
3235,1,2231,-4.48779,-0.202431
3236,1,2232,-4.48779,-0.202431
3237,1,2233,-4.48779,-0.202431
3238,1,2234,-4.48779,-0.202431
3239,1,2235,-4.49598,-0.205891
3240,1,2236,-4.497,-0.206322
3241,1,2237,-4.497,-0.206322
3242,1,2238,-4.497,-0.206322
3243,1,2239,-4.497,-0.206322
3244,1,2240,-4.497,-0.206322
3245,1,2241,-4.497,-0.206322
3246,1,2242,-4.497,-0.206322
3247,1,2243,-4.497,-0.206322
3248,1,2244,-4.497,-0.206322
3249,1,2245,-4.497,-0.206322
3250,1,2246,-4.497,-0.206322
3251,1,2247,-4.497,-0.206322
3252,1,2248,-4.497,-0.206322
3253,1,2249,-4.497,-0.206322
3254,1,2250,-4.497,-0.206322
3255,1,2251,-4.497,-0.206322
3256,1,2252,-4.497,-0.206322
3257,1,2253,-4.48854,-0.209063
3258,1,2254,-4.48749,-0.209405
3259,1,2255,-4.48749,-0.209405
3260,1,2256,-4.48749,-0.209405
3261,1,2257,-4.48749,-0.209405
3262,1,2258,-4.48749,-0.209405
3263,1,2259,-4.48749,-0.209405
3264,1,2260,-4.48749,-0.209405
3265,1,2261,-4.48749,-0.209405
3266,1,2262,-4.48749,-0.209405
3267,1,2263,-4.48749,-0.209405
3268,1,2264,-4.48749,-0.209405
3269,1,2265,-4.48749,-0.209405
3270,1,2266,-4.48749,-0.209405
3271,1,2267,-4.48749,-0.209405
3272,1,2268,-4.48749,-0.209405
3273,1,2269,-4.48749,-0.209405
3274,1,2270,-4.48749,-0.209405
3275,1,2271,-4.48749,-0.209405
3276,1,2272,-4.48749,-0.209405
3277,1,2273,-4.48749,-0.209405
3278,1,2274,-4.48749,-0.209405
3279,1,2275,-4.48749,-0.209405
3280,1,2276,-4.48749,-0.209405
3281,1,2277,-4.48749,-0.209405
3282,1,2278,-4.48749,-0.209405
3283,1,2279,-4.48749,-0.209405
3284,1,2280,-4.48749,-0.209405
3285,1,2281,-4.48749,-0.209405
3286,1,2282,-4.48749,-0.209405
3287,1,2283,-4.49436,-0.215051
3288,1,2284,-4.49521,-0.215754
3289,1,2285,-4.49521,-0.215754
3290,1,2286,-4.49521,-0.215754
3291,1,2287,-4.49521,-0.215754
3292,1,2288,-4.49521,-0.215754
3293,1,2289,-4.49521,-0.215754
3294,1,2290,-4.49521,-0.215754
3295,1,2291,-4.49521,-0.215754
3296,1,2292,-4.49521,-0.215754
3297,1,2293,-4.49521,-0.215754
3298,1,2294,-4.49521,-0.215754
3299,1,2295,-4.49521,-0.215754
3300,1,2296,-4.49521,-0.215754
3301,1,2297,-4.49521,-0.215754
3302,1,2298,-4.49521,-0.215754
3303,1,2299,-4.49521,-0.215754
3304,1,2300,-4.49521,-0.215754
3305,1,2301,-4.49521,-0.215754
3306,1,2302,-4.49521,-0.215754
3307,1,2303,-4.49521,-0.215754
3308,1,2304,-4.49521,-0.215754
3309,1,2305,-4.49521,-0.215754
3310,1,2306,-4.49521,-0.215754
3311,1,2307,-4.49521,-0.215754
3312,1,2308,-4.49521,-0.215754
3313,1,2309,-4.49521,-0.215754
3314,1,2310,-4.49521,-0.215754
3315,1,2311,-4.49373,-0.206985
3316,1,2312,-4.49355,-0.205893
3317,1,2313,-4.49355,-0.205893
3318,1,2314,-4.49355,-0.205893
3319,1,2315,-4.49355,-0.205893
3320,1,2316,-4.49355,-0.205893
3321,1,2317,-4.49355,-0.205893
3322,1,2318,-4.49355,-0.205893
3323,1,2319,-4.49355,-0.205893
3324,1,2320,-4.49355,-0.205893
3325,1,2321,-4.49355,-0.205893
3326,1,2322,-4.49355,-0.205893
3327,1,2323,-4.49355,-0.205893
3328,1,2324,-4.49355,-0.205893
3329,1,2325,-4.49355,-0.205893
3330,1,2326,-4.49355,-0.205893
3331,1,2327,-4.49355,-0.205893
3332,1,2328,-4.49355,-0.205893
3333,1,2329,-4.49355,-0.205893
3334,1,2330,-4.49355,-0.205893
3335,1,2331,-4.49355,-0.205893
3336,1,2332,-4.49743,-0.213894
3337,1,2333,-4.49791,-0.21489
3338,1,2334,-4.49791,-0.21489
3339,1,2335,-4.49791,-0.21489
3340,1,2336,-4.49791,-0.21489
3341,1,2337,-4.49791,-0.21489
3342,1,2338,-4.49791,-0.21489
3343,1,2339,-4.49791,-0.21489
3344,1,2340,-4.49328,-0.22248
3345,1,2341,-4.4927,-0.223425
3346,1,2342,-4.4927,-0.223425
3347,1,2343,-4.4927,-0.223425
3348,1,2344,-4.4927,-0.223425
3349,1,2345,-4.4927,-0.223425
3350,1,2346,-4.4927,-0.223425
3351,1,2347,-4.4927,-0.223425
3352,1,2348,-4.4927,-0.223425
3353,1,2349,-4.4927,-0.223425
3354,1,2350,-4.4927,-0.223425
3355,1,2351,-4.4927,-0.223425
3356,1,2352,-4.4927,-0.223425
3357,1,2353,-4.4927,-0.223425
3358,1,2354,-4.4927,-0.223425
3359,1,2355,-4.4927,-0.223425
3360,1,2356,-4.4927,-0.223425
3361,1,2357,-4.4927,-0.223425
3362,1,2358,-4.49124,-0.214652
3363,1,2359,-4.49106,-0.21356
3364,1,2360,-4.49106,-0.21356
3365,1,2361,-4.49106,-0.21356
3366,1,2362,-4.49106,-0.21356
3367,1,2363,-4.49106,-0.21356
3368,1,2364,-4.49106,-0.21356
3369,1,2365,-4.49106,-0.21356
3370,1,2366,-4.49106,-0.21356
3371,1,2367,-4.49106,-0.21356
3372,1,2368,-4.49106,-0.21356
3373,1,2369,-4.49106,-0.21356
3374,1,2370,-4.49106,-0.21356
3375,1,2371,-4.49106,-0.21356
3376,1,2372,-4.49106,-0.21356
3377,1,2373,-4.49106,-0.21356
3378,1,2374,-4.49106,-0.21356
3379,1,2375,-4.49106,-0.21356
3380,1,2376,-4.49106,-0.21356
3381,1,2377,-4.49106,-0.21356
3382,1,2378,-4.49106,-0.21356
3383,1,2379,-4.49106,-0.21356
3384,1,2380,-4.49106,-0.21356
3385,1,2381,-4.49106,-0.21356
3386,1,2382,-4.49106,-0.21356
3387,1,2383,-4.48998,-0.222387
3388,1,2384,-4.48984,-0.223486
3389,1,2385,-4.48984,-0.223486
3390,1,2386,-4.48984,-0.223486
3391,1,2387,-4.48984,-0.223486
3392,1,2388,-4.48984,-0.223486
3393,1,2389,-4.48984,-0.223486
3394,1,2390,-4.48984,-0.223486
3395,1,2391,-4.48984,-0.223486
3396,1,2392,-4.48984,-0.223486
3397,1,2393,-4.48984,-0.223486
3398,1,2394,-4.48984,-0.223486
3399,1,2395,-4.48984,-0.223486
3400,1,2396,-4.48984,-0.223486
3401,1,2397,-4.48984,-0.223486
3402,1,2398,-4.48227,-0.218828
3403,1,2399,-4.48133,-0.218248
3404,1,2400,-4.48133,-0.218248
3405,1,2401,-4.48133,-0.218248
3406,1,2402,-4.48133,-0.218248
3407,1,2403,-4.48133,-0.218248
3408,1,2404,-4.47865,-0.209766
3409,1,2405,-4.47832,-0.20871
3410,1,2406,-4.47832,-0.20871
3411,1,2407,-4.47832,-0.20871
3412,1,2408,-4.47832,-0.20871
3413,1,2409,-4.47832,-0.20871
3414,1,2410,-4.47832,-0.20871
3415,1,2411,-4.47832,-0.20871
3416,1,2412,-4.47832,-0.20871
3417,1,2413,-4.47832,-0.20871
3418,1,2414,-4.47832,-0.20871
3419,1,2415,-4.47832,-0.20871
3420,1,2416,-4.47832,-0.20871
3421,1,2417,-4.47832,-0.20871
3422,1,2418,-4.47832,-0.20871
3423,1,2419,-4.47832,-0.20871
3424,1,2420,-4.47832,-0.20871
3425,1,2421,-4.47832,-0.20871
3426,1,2422,-4.47832,-0.20871
3427,1,2423,-4.48515,-0.214408
3428,1,2424,-4.486,-0.215117
3429,1,2425,-4.486,-0.215117
3430,1,2426,-4.486,-0.215117
3431,1,2427,-4.486,-0.215117
3432,1,2428,-4.486,-0.215117
3433,1,2429,-4.486,-0.215117
3434,1,2430,-4.486,-0.215117
3435,1,2431,-4.486,-0.215117
3436,1,2432,-4.486,-0.215117
3437,1,2433,-4.486,-0.215117
3438,1,2434,-4.486,-0.215117
3439,1,2435,-4.486,-0.215117
3440,1,2436,-4.486,-0.215117
3441,1,2437,-4.486,-0.215117
3442,1,2438,-4.486,-0.215117
3443,1,2439,-4.486,-0.215117
3444,1,2440,-4.486,-0.215117
3445,1,2441,-4.486,-0.215117
3446,1,2442,-4.486,-0.215117
3447,1,2443,-4.486,-0.215117
3448,1,2444,-4.486,-0.215117
3449,1,2445,-4.486,-0.215117
3450,1,2446,-4.486,-0.215117
3451,1,2447,-4.486,-0.215117
3452,1,2448,-4.486,-0.215117
3453,1,2449,-4.486,-0.215117
3454,1,2450,-4.486,-0.215117
3455,1,2451,-4.486,-0.215117
3456,1,2452,-4.48585,-0.206225
3457,1,2453,-4.48583,-0.205118
3458,1,2454,-4.48583,-0.205118
3459,1,2455,-4.48583,-0.205118
3460,1,2456,-4.48583,-0.205118
3461,1,2457,-4.48583,-0.205118
3462,1,2458,-4.48583,-0.205118
3463,1,2459,-4.48583,-0.205118
3464,1,2460,-4.48583,-0.205118
3465,1,2461,-4.48583,-0.205118
3466,1,2462,-4.48583,-0.205118
3467,1,2463,-4.48583,-0.205118
3468,1,2464,-4.48583,-0.205118
3469,1,2465,-4.48583,-0.205118
3470,1,2466,-4.48583,-0.205118
3471,1,2467,-4.48583,-0.205118
3472,1,2468,-4.48583,-0.205118
3473,1,2469,-4.48583,-0.205118
3474,1,2470,-4.48583,-0.205118
3475,1,2471,-4.48583,-0.205118
3476,1,2472,-4.48583,-0.205118
3477,1,2473,-4.48583,-0.205118
3478,1,2474,-4.48583,-0.205118
3479,1,2475,-4.48583,-0.205118
3480,1,2476,-4.48583,-0.205118
3481,1,2477,-4.48583,-0.205118
3482,1,2478,-4.48583,-0.205118
3483,1,2479,-4.48114,-0.212673
3484,1,2480,-4.48055,-0.213614
3485,1,2481,-4.48055,-0.213614
3486,1,2482,-4.48055,-0.213614
3487,1,2483,-4.48055,-0.213614
3488,1,2484,-4.48055,-0.213614
3489,1,2485,-4.48055,-0.213614
3490,1,2486,-4.48055,-0.213614
3491,1,2487,-4.48055,-0.213614
3492,1,2488,-4.48055,-0.213614
3493,1,2489,-4.48055,-0.213614
3494,1,2490,-4.48055,-0.213614
3495,1,2491,-4.48055,-0.213614
3496,1,2492,-4.48055,-0.213614
3497,1,2493,-4.48055,-0.213614
3498,1,2494,-4.48055,-0.213614
3499,1,2495,-4.48055,-0.213614
3500,1,2496,-4.48055,-0.213614
3501,1,2497,-4.47916,-0.20483
3502,1,2498,-4.47899,-0.203737
3503,1,2499,-4.47899,-0.203737
3504,1,2500,-4.47899,-0.203737
3505,1,2501,-4.47899,-0.203737
3506,1,2502,-4.47899,-0.203737
3507,1,2503,-4.47899,-0.203737
3508,1,2504,-4.47899,-0.203737
3509,1,2505,-4.47899,-0.203737
3510,1,2506,-4.47899,-0.203737
3511,1,2507,-4.47899,-0.203737
3512,1,2508,-4.47899,-0.203737
3513,1,2509,-4.47899,-0.203737
3514,1,2510,-4.48788,-0.203614
3515,1,2511,-4.48899,-0.203599
3516,1,2512,-4.48899,-0.203599
3517,1,2513,-4.48899,-0.203599
3518,1,2514,-4.48899,-0.203599
3519,1,2515,-4.48899,-0.203599
3520,1,2516,-4.48899,-0.203599
3521,1,2517,-4.48899,-0.203599
3522,1,2518,-4.48899,-0.203599
3523,1,2519,-4.48899,-0.203599
3524,1,2520,-4.48899,-0.203599
3525,1,2521,-4.48899,-0.203599
3526,1,2522,-4.48899,-0.203599
3527,1,2523,-4.48899,-0.203599
3528,1,2524,-4.48899,-0.203599
3529,1,2525,-4.4854,-0.211736
3530,1,2526,-4.48495,-0.212749
3531,1,2527,-4.48495,-0.212749
3532,1,2528,-4.48495,-0.212749
3533,1,2529,-4.48495,-0.212749
3534,1,2530,-4.48495,-0.212749
3535,1,2531,-4.48495,-0.212749
3536,1,2532,-4.48495,-0.212749
3537,1,2533,-4.48495,-0.212749
3538,1,2534,-4.48495,-0.212749
3539,1,2535,-4.48495,-0.212749
3540,1,2536,-4.48495,-0.212749
3541,1,2537,-4.48495,-0.212749
3542,1,2538,-4.48495,-0.212749
3543,1,2539,-4.48495,-0.212749
3544,1,2540,-4.48495,-0.212749
3545,1,2541,-4.48495,-0.212749
3546,1,2542,-4.48495,-0.212749
3547,1,2543,-4.48495,-0.212749
3548,1,2544,-4.48495,-0.212749
3549,1,2545,-4.48485,-0.203856
3550,1,2546,-4.48483,-0.202749
3551,1,2547,-4.48483,-0.202749
3552,1,2548,-4.48483,-0.202749
3553,1,2549,-4.48483,-0.202749
3554,1,2550,-4.48483,-0.202749
3555,1,2551,-4.48483,-0.202749
3556,1,2552,-4.48483,-0.202749
3557,1,2553,-4.48483,-0.202749
3558,1,2554,-4.48483,-0.202749
3559,1,2555,-4.48483,-0.202749
3560,1,2556,-4.48483,-0.202749
3561,1,2557,-4.48483,-0.202749
3562,1,2558,-4.49365,-0.203916
3563,1,2559,-4.49475,-0.204061
3564,1,2560,-4.49475,-0.204061
3565,1,2561,-4.49475,-0.204061
3566,1,2562,-4.49475,-0.204061
3567,1,2563,-4.49475,-0.204061
3568,1,2564,-4.49475,-0.204061
3569,1,2565,-4.49475,-0.204061
3570,1,2566,-4.49475,-0.204061
3571,1,2567,-4.49475,-0.204061
3572,1,2568,-4.49475,-0.204061
3573,1,2569,-4.49475,-0.204061
3574,1,2570,-4.49475,-0.204061
3575,1,2571,-4.49475,-0.204061
3576,1,2572,-4.49475,-0.204061
3577,1,2573,-4.49475,-0.204061
3578,1,2574,-4.49475,-0.204061
3579,1,2575,-4.49475,-0.204061
3580,1,2576,-4.49475,-0.204061
3581,1,2577,-4.49475,-0.204061
3582,1,2578,-4.49475,-0.204061
3583,1,2579,-4.49475,-0.204061
3584,1,2580,-4.49475,-0.204061
3585,1,2581,-4.49475,-0.204061
3586,1,2582,-4.49475,-0.204061
3587,1,2583,-4.49475,-0.204061
3588,1,2584,-4.49475,-0.204061
3589,1,2585,-4.49475,-0.204061
3590,1,2586,-4.48886,-0.197397
3591,1,2587,-4.48812,-0.196568
3592,1,2588,-4.48812,-0.196568
3593,1,2589,-4.48812,-0.196568
3594,1,2590,-4.48812,-0.196568
3595,1,2591,-4.48812,-0.196568
3596,1,2592,-4.48812,-0.196568
3597,1,2593,-4.48812,-0.196568
3598,1,2594,-4.48812,-0.196568
3599,1,2595,-4.48812,-0.196568
3600,1,2596,-4.48812,-0.196568
3601,1,2597,-4.48812,-0.196568
3602,1,2598,-4.48812,-0.196568
3603,1,2599,-4.48812,-0.196568
3604,1,2600,-4.48812,-0.196568
3605,1,2601,-4.48812,-0.196568
3606,1,2602,-4.48812,-0.196568
3607,1,2603,-4.48812,-0.196568
3608,1,2604,-4.48812,-0.196568
3609,1,2605,-4.48812,-0.196568
3610,1,2606,-4.48812,-0.196568
3611,1,2607,-4.48812,-0.196568
3612,1,2608,-4.48812,-0.196568
3613,1,2609,-4.48812,-0.196568
3614,1,2610,-4.48812,-0.196568
3615,1,2611,-4.48812,-0.196568
3616,1,2612,-4.48812,-0.196568
3617,1,2613,-4.48812,-0.196568
3618,1,2614,-4.4882,-0.20546
3619,1,2615,-4.48821,-0.206567
3620,1,2616,-4.48821,-0.206567
3621,1,2617,-4.48821,-0.206567
3622,1,2618,-4.48821,-0.206567
3623,1,2619,-4.48821,-0.206567
3624,1,2620,-4.48821,-0.206567
3625,1,2621,-4.48821,-0.206567
3626,1,2622,-4.48821,-0.206567
3627,1,2623,-4.48821,-0.206567
3628,1,2624,-4.48821,-0.206567
3629,1,2625,-4.48821,-0.206567
3630,1,2626,-4.48821,-0.206567
3631,1,2627,-4.47939,-0.205367
3632,1,2628,-4.4783,-0.205217
3633,1,2629,-4.4783,-0.205217
3634,1,2630,-4.4783,-0.205217
3635,1,2631,-4.4783,-0.205217
3636,1,2632,-4.4783,-0.205217
3637,1,2633,-4.4783,-0.205217
3638,1,2634,-4.4783,-0.205217
3639,1,2635,-4.4783,-0.205217
3640,1,2636,-4.4783,-0.205217
3641,1,2637,-4.4783,-0.205217
3642,1,2638,-4.4783,-0.205217
3643,1,2639,-4.4783,-0.205217
3644,1,2640,-4.4783,-0.205217
3645,1,2641,-4.4783,-0.205217
3646,1,2642,-4.4783,-0.205217
3647,1,2643,-4.48408,-0.198459
3648,1,2644,-4.4848,-0.197617
3649,1,2645,-4.4848,-0.197617
3650,1,2646,-4.4848,-0.197617
3651,1,2647,-4.4848,-0.197617
3652,1,2648,-4.4848,-0.197617
3653,1,2649,-4.4848,-0.197617
3654,1,2650,-4.4848,-0.197617
3655,1,2651,-4.4848,-0.197617
3656,1,2652,-4.4848,-0.197617
3657,1,2653,-4.4848,-0.197617
3658,1,2654,-4.4848,-0.197617
3659,1,2655,-4.4848,-0.197617
3660,1,2656,-4.4848,-0.197617
3661,1,2657,-4.4848,-0.197617
3662,1,2658,-4.4848,-0.197617
3663,1,2659,-4.4848,-0.197617
3664,1,2660,-4.4848,-0.197617
3665,1,2661,-4.4848,-0.197617
3666,1,2662,-4.4848,-0.197617
3667,1,2663,-4.4848,-0.197617
3668,1,2664,-4.4848,-0.197617
3669,1,2665,-4.4848,-0.197617
3670,1,2666,-4.4848,-0.197617
3671,1,2667,-4.4848,-0.197617
3672,1,2668,-4.4848,-0.197617
3673,1,2669,-4.4848,-0.197617
3674,1,2670,-4.4848,-0.197617
3675,1,2671,-4.4848,-0.197617
3676,1,2672,-4.4759,-0.197661
3677,1,2673,-4.4748,-0.197667
3678,1,2674,-4.4748,-0.197667
3679,1,2675,-4.4748,-0.197667
3680,1,2676,-4.4748,-0.197667
3681,1,2677,-4.4748,-0.197667
3682,1,2678,-4.4748,-0.197667
3683,1,2679,-4.4748,-0.197667
3684,1,2680,-4.4748,-0.197667
3685,1,2681,-4.4748,-0.197667
3686,1,2682,-4.4748,-0.197667
3687,1,2683,-4.4748,-0.197667
3688,1,2684,-4.4748,-0.197667
3689,1,2685,-4.4748,-0.197667
3690,1,2686,-4.4748,-0.197667
3691,1,2687,-4.4748,-0.197667
3692,1,2688,-4.4748,-0.197667
3693,1,2689,-4.4748,-0.197667
3694,1,2690,-4.4748,-0.197667
3695,1,2691,-4.4748,-0.197667
3696,1,2692,-4.4748,-0.197667
3697,1,2693,-4.48332,-0.195129
3698,1,2694,-4.48438,-0.194813
3699,1,2695,-4.48438,-0.194813
3700,1,2696,-4.48438,-0.194813
3701,1,2697,-4.48438,-0.194813
3702,1,2698,-4.49292,-0.197288
3703,1,2699,-4.49398,-0.197596
3704,1,2700,-4.49398,-0.197596
3705,1,2701,-4.49398,-0.197596
3706,1,2702,-4.49398,-0.197596
3707,1,2703,-4.49398,-0.197596
3708,1,2704,-4.49398,-0.197596
3709,1,2705,-4.49398,-0.197596
3710,1,2706,-4.49398,-0.197596
3711,1,2707,-4.49398,-0.197596
3712,1,2708,-4.49398,-0.197596
3713,1,2709,-4.49398,-0.197596
3714,1,2710,-4.49398,-0.197596
3715,1,2711,-4.49398,-0.197596
3716,1,2712,-4.49398,-0.197596
3717,1,2713,-4.49398,-0.197596
3718,1,2714,-4.49398,-0.197596
3719,1,2715,-4.49398,-0.197596
3720,1,2716,-4.49398,-0.197596
3721,1,2717,-4.49398,-0.197596
3722,1,2718,-4.49398,-0.197596
3723,1,2719,-4.49398,-0.197596
3724,1,2720,-4.48518,-0.196351
3725,1,2721,-4.48408,-0.196196
3726,1,2722,-4.48408,-0.196196
3727,1,2723,-4.48408,-0.196196
3728,1,2724,-4.48408,-0.196196
3729,1,2725,-4.48408,-0.196196
3730,1,2726,-4.48408,-0.196196
3731,1,2727,-4.48408,-0.196196
3732,1,2728,-4.48408,-0.196196
3733,1,2729,-4.48408,-0.196196
3734,1,2730,-4.48408,-0.196196
3735,1,2731,-4.48408,-0.196196
3736,1,2732,-4.48408,-0.196196
3737,1,2733,-4.48408,-0.196196
3738,1,2734,-4.48776,-0.188101
3739,1,2735,-4.48822,-0.187093
3740,1,2736,-4.48822,-0.187093
3741,1,2737,-4.48822,-0.187093
3742,1,2738,-4.48822,-0.187093
3743,1,2739,-4.48822,-0.187093
3744,1,2740,-4.48822,-0.187093
3745,1,2741,-4.48822,-0.187093
3746,1,2742,-4.48822,-0.187093
3747,1,2743,-4.48822,-0.187093
3748,1,2744,-4.48822,-0.187093
3749,1,2745,-4.48822,-0.187093
3750,1,2746,-4.48822,-0.187093
3751,1,2747,-4.48822,-0.187093
3752,1,2748,-4.48822,-0.187093
3753,1,2749,-4.48822,-0.187093
3754,1,2750,-4.48822,-0.187093
3755,1,2751,-4.48822,-0.187093
3756,1,2752,-4.48822,-0.187093
3757,1,2753,-4.48822,-0.187093
3758,1,2754,-4.48822,-0.187093
3759,1,2755,-4.48822,-0.187093
3760,1,2756,-4.48822,-0.187093
3761,1,2757,-4.48822,-0.187093
3762,1,2758,-4.48822,-0.187093
3763,1,2759,-4.4824,-0.193815
3764,1,2760,-4.48168,-0.194652
3765,1,2761,-4.48168,-0.194652
3766,1,2762,-4.48168,-0.194652
3767,1,2763,-4.48168,-0.194652
3768,1,2764,-4.48168,-0.194652
3769,1,2765,-4.47287,-0.195917
3770,1,2766,-4.47178,-0.196075
3771,1,2767,-4.47178,-0.196075
3772,1,2768,-4.47178,-0.196075
3773,1,2769,-4.47178,-0.196075
3774,1,2770,-4.47178,-0.196075
3775,1,2771,-4.47178,-0.196075
3776,1,2772,-4.47178,-0.196075
3777,1,2773,-4.47178,-0.196075
3778,1,2774,-4.47178,-0.196075
3779,1,2775,-4.47178,-0.196075
3780,1,2776,-4.47178,-0.196075
3781,1,2777,-4.47178,-0.196075
3782,1,2778,-4.47178,-0.196075
3783,1,2779,-4.47178,-0.196075
3784,1,2780,-4.47178,-0.196075
3785,1,2781,-4.47178,-0.196075
3786,1,2782,-4.47659,-0.188598
3787,1,2783,-4.47719,-0.187667
3788,1,2784,-4.47719,-0.187667
3789,1,2785,-4.47719,-0.187667
3790,1,2786,-4.47719,-0.187667
3791,1,2787,-4.47719,-0.187667
3792,1,2788,-4.47719,-0.187667
3793,1,2789,-4.47719,-0.187667
3794,1,2790,-4.47719,-0.187667
3795,1,2791,-4.47719,-0.187667
3796,1,2792,-4.47719,-0.187667
3797,1,2793,-4.47719,-0.187667
3798,1,2794,-4.47719,-0.187667
3799,1,2795,-4.47719,-0.187667
3800,1,2796,-4.47719,-0.187667
3801,1,2797,-4.47719,-0.187667
3802,1,2798,-4.47719,-0.187667
3803,1,2799,-4.47719,-0.187667
3804,1,2800,-4.47719,-0.187667
3805,1,2801,-4.47719,-0.187667
3806,1,2802,-4.47591,-0.196467
3807,1,2803,-4.47575,-0.197563
3808,1,2804,-4.47575,-0.197563
3809,1,2805,-4.47575,-0.197563
3810,1,2806,-4.47575,-0.197563
3811,1,2807,-4.47575,-0.197563
3812,1,2808,-4.46901,-0.20337
3813,1,2809,-4.46818,-0.204093
3814,1,2810,-4.46818,-0.204093
3815,1,2811,-4.46818,-0.204093
3816,1,2812,-4.46818,-0.204093
3817,1,2813,-4.46818,-0.204093
3818,1,2814,-4.46818,-0.204093
3819,1,2815,-4.46818,-0.204093
3820,1,2816,-4.46818,-0.204093
3821,1,2817,-4.46818,-0.204093
3822,1,2818,-4.46818,-0.204093
3823,1,2819,-4.46818,-0.204093
3824,1,2820,-4.46818,-0.204093
3825,1,2821,-4.46818,-0.204093
3826,1,2822,-4.46818,-0.204093
3827,1,2823,-4.46818,-0.204093
3828,1,2824,-4.46818,-0.204093
3829,1,2825,-4.46818,-0.204093
3830,1,2826,-4.46818,-0.204093
3831,1,2827,-4.47071,-0.195569
3832,1,2828,-4.47103,-0.194508
3833,1,2829,-4.47103,-0.194508
3834,1,2830,-4.47103,-0.194508
3835,1,2831,-4.47103,-0.194508
3836,1,2832,-4.47103,-0.194508
3837,1,2833,-4.47103,-0.194508
3838,1,2834,-4.47103,-0.194508
3839,1,2835,-4.47103,-0.194508
3840,1,2836,-4.47103,-0.194508
3841,1,2837,-4.47103,-0.194508
3842,1,2838,-4.47103,-0.194508
3843,1,2839,-4.47103,-0.194508
3844,1,2840,-4.47103,-0.194508
3845,1,2841,-4.47849,-0.199347
3846,1,2842,-4.47942,-0.199949
3847,1,2843,-4.47942,-0.199949
3848,1,2844,-4.47942,-0.199949
3849,1,2845,-4.47942,-0.199949
3850,1,2846,-4.47942,-0.199949
3851,1,2847,-4.47942,-0.199949
3852,1,2848,-4.47942,-0.199949
3853,1,2849,-4.47942,-0.199949
3854,1,2850,-4.47942,-0.199949
3855,1,2851,-4.47942,-0.199949
3856,1,2852,-4.47942,-0.199949
3857,1,2853,-4.47942,-0.199949
3858,1,2854,-4.47942,-0.199949
3859,1,2855,-4.47942,-0.199949
3860,1,2856,-4.47942,-0.199949
3861,1,2857,-4.47942,-0.199949
3862,1,2858,-4.47942,-0.199949
3863,1,2859,-4.47942,-0.199949
3864,1,2860,-4.47942,-0.199949
3865,1,2861,-4.47062,-0.198638
3866,1,2862,-4.46953,-0.198474
3867,1,2863,-4.46953,-0.198474
3868,1,2864,-4.46953,-0.198474
3869,1,2865,-4.46953,-0.198474
3870,1,2866,-4.46953,-0.198474
3871,1,2867,-4.46953,-0.198474
3872,1,2868,-4.46953,-0.198474
3873,1,2869,-4.46953,-0.198474
3874,1,2870,-4.46707,-0.189928
3875,1,2871,-4.46676,-0.188864
3876,1,2872,-4.46676,-0.188864
3877,1,2873,-4.46676,-0.188864
3878,1,2874,-4.46676,-0.188864
3879,1,2875,-4.46932,-0.180346
3880,1,2876,-4.46964,-0.179286
3881,1,2877,-4.46964,-0.179286
3882,1,2878,-4.46964,-0.179286
3883,1,2879,-4.46964,-0.179286
3884,1,2880,-4.46964,-0.179286
3885,1,2881,-4.46964,-0.179286
3886,1,2882,-4.46964,-0.179286
3887,1,2883,-4.46964,-0.179286
3888,1,2884,-4.46964,-0.179286
3889,1,2885,-4.46964,-0.179286
3890,1,2886,-4.46964,-0.179286
3891,1,2887,-4.46964,-0.179286
3892,1,2888,-4.46964,-0.179286
3893,1,2889,-4.46964,-0.179286
3894,1,2890,-4.46964,-0.179286
3895,1,2891,-4.46964,-0.179286
3896,1,2892,-4.46964,-0.179286
3897,1,2893,-4.46964,-0.179286
3898,1,2894,-4.46964,-0.179286
3899,1,2895,-4.47084,-0.188097
3900,1,2896,-4.47099,-0.189193
3901,1,2897,-4.47099,-0.189193
3902,1,2898,-4.47099,-0.189193
3903,1,2899,-4.47099,-0.189193
3904,1,2900,-4.47099,-0.189193
3905,1,2901,-4.47099,-0.189193
3906,1,2902,-4.47099,-0.189193
3907,1,2903,-4.47099,-0.189193
3908,1,2904,-4.47099,-0.189193
3909,1,2905,-4.47099,-0.189193
3910,1,2906,-4.47099,-0.189193
3911,1,2907,-4.47099,-0.189193
3912,1,2908,-4.47099,-0.189193
3913,1,2909,-4.47099,-0.189193
3914,1,2910,-4.47099,-0.189193
3915,1,2911,-4.47099,-0.189193
3916,1,2912,-4.47099,-0.189193
3917,1,2913,-4.47099,-0.189193
3918,1,2914,-4.47099,-0.189193
3919,1,2915,-4.47099,-0.189193
3920,1,2916,-4.47099,-0.189193
3921,1,2917,-4.46856,-0.180641
3922,1,2918,-4.46825,-0.179576
3923,1,2919,-4.46825,-0.179576
3924,1,2920,-4.46825,-0.179576
3925,1,2921,-4.46825,-0.179576
3926,1,2922,-4.46825,-0.179576
3927,1,2923,-4.46825,-0.179576
3928,1,2924,-4.46825,-0.179576
3929,1,2925,-4.46825,-0.179576
3930,1,2926,-4.46825,-0.179576
3931,1,2927,-4.46825,-0.179576
3932,1,2928,-4.46825,-0.179576
3933,1,2929,-4.46825,-0.179576
3934,1,2930,-4.47707,-0.178389
3935,1,2931,-4.47816,-0.178241
3936,1,2932,-4.47816,-0.178241
3937,1,2933,-4.47816,-0.178241
3938,1,2934,-4.47816,-0.178241
3939,1,2935,-4.47816,-0.178241
3940,1,2936,-4.47816,-0.178241
3941,1,2937,-4.47816,-0.178241
3942,1,2938,-4.47816,-0.178241
3943,1,2939,-4.47816,-0.178241
3944,1,2940,-4.47816,-0.178241
3945,1,2941,-4.47816,-0.178241
3946,1,2942,-4.47816,-0.178241
3947,1,2943,-4.47816,-0.178241
3948,1,2944,-4.47681,-0.187031
3949,1,2945,-4.47664,-0.188125
3950,1,2946,-4.47664,-0.188125
3951,1,2947,-4.47664,-0.188125
3952,1,2948,-4.47664,-0.188125
3953,1,2949,-4.47664,-0.188125
3954,1,2950,-4.47664,-0.188125
3955,1,2951,-4.47664,-0.188125
3956,1,2952,-4.47664,-0.188125
3957,1,2953,-4.47664,-0.188125
3958,1,2954,-4.47664,-0.188125
3959,1,2955,-4.47664,-0.188125
3960,1,2956,-4.47664,-0.188125
3961,1,2957,-4.47664,-0.188125
3962,1,2958,-4.47664,-0.188125
3963,1,2959,-4.47664,-0.188125
3964,1,2960,-4.47664,-0.188125
3965,1,2961,-4.47664,-0.188125
3966,1,2962,-4.47664,-0.188125
3967,1,2963,-4.47304,-0.179997
3968,1,2964,-4.47259,-0.178985
3969,1,2965,-4.47259,-0.178985
3970,1,2966,-4.47259,-0.178985
3971,1,2967,-4.47259,-0.178985
3972,1,2968,-4.47259,-0.178985
3973,1,2969,-4.47259,-0.178985
3974,1,2970,-4.47259,-0.178985
3975,1,2971,-4.47676,-0.174884
3976,1,2972,-4.47723,-0.174461
3977,1,2973,-4.47723,-0.174461
3978,1,2974,-4.47723,-0.174461
3979,1,2975,-4.47723,-0.174461
3980,1,2976,-4.47723,-0.174461
3981,1,2977,-4.47723,-0.174461
3982,1,2978,-4.47723,-0.174461
3983,1,2979,-4.47723,-0.174461
3984,1,2980,-4.47723,-0.174461
3985,1,2981,-4.47723,-0.174461
3986,1,2982,-4.47723,-0.174461
3987,1,2983,-4.47723,-0.174461
3988,1,2984,-4.47723,-0.174461
3989,1,2985,-4.47723,-0.174461
3990,1,2986,-4.47723,-0.174461
3991,1,2987,-4.47723,-0.174461
3992,1,2988,-4.47723,-0.174461
3993,1,2989,-4.47723,-0.174461
3994,1,2990,-4.47723,-0.174461
3995,1,2991,-4.47723,-0.174461
3996,1,2992,-4.47723,-0.174461
3997,1,2993,-4.47723,-0.174461
3998,1,2994,-4.47723,-0.174461
3999,1,2995,-4.47723,-0.174461
4000,1,2996,-4.47723,-0.174461
4001,1,2997,-4.47723,-0.174461
4002,1,2998,-4.4691,-0.178053
4003,1,2999,-4.46809,-0.178501
4004,1,3000,-4.46809,-0.178501
4005,1,3001,-4.46809,-0.178501
4006,1,3002,-4.46809,-0.178501
4007,1,3003,-4.46809,-0.178501
4008,1,3004,-4.46809,-0.178501
4009,1,3005,-4.46809,-0.178501
4010,1,3006,-4.46809,-0.178501
4011,1,3007,-4.46809,-0.178501
4012,1,3008,-4.46809,-0.178501
4013,1,3009,-4.46809,-0.178501
4014,1,3010,-4.46809,-0.178501
4015,1,3011,-4.46809,-0.178501
4016,1,3012,-4.46809,-0.178501
4017,1,3013,-4.46809,-0.178501
4018,1,3014,-4.46809,-0.178501
4019,1,3015,-4.46809,-0.178501
4020,1,3016,-4.46809,-0.178501
4021,1,3017,-4.46809,-0.178501
4022,1,3018,-4.46809,-0.178501
4023,1,3019,-4.46809,-0.178501
4024,1,3020,-4.46809,-0.178501
4025,1,3021,-4.46809,-0.178501
4026,1,3022,-4.46809,-0.178501
4027,1,3023,-4.46809,-0.178501
4028,1,3024,-4.47698,-0.178625
4029,1,3025,-4.47808,-0.178641
4030,1,3026,-4.47808,-0.178641
4031,1,3027,-4.47808,-0.178641
4032,1,3028,-4.47808,-0.178641
4033,1,3029,-4.47808,-0.178641
4034,1,3030,-4.47808,-0.178641
4035,1,3031,-4.47808,-0.178641
4036,1,3032,-4.47808,-0.178641
4037,1,3033,-4.47808,-0.178641
4038,1,3034,-4.47808,-0.178641
4039,1,3035,-4.47808,-0.178641
4040,1,3036,-4.47808,-0.178641
4041,1,3037,-4.47808,-0.178641
4042,1,3038,-4.47808,-0.178641
4043,1,3039,-4.47808,-0.178641
4044,1,3040,-4.47808,-0.178641
4045,1,3041,-4.47808,-0.178641
4046,1,3042,-4.47808,-0.178641
4047,1,3043,-4.47808,-0.178641
4048,1,3044,-4.47808,-0.178641
4049,1,3045,-4.47808,-0.178641
4050,1,3046,-4.47808,-0.178641
4051,1,3047,-4.47808,-0.178641
4052,1,3048,-4.47808,-0.178641
4053,1,3049,-4.47808,-0.178641
4054,1,3050,-4.47808,-0.178641
4055,1,3051,-4.47808,-0.178641
4056,1,3052,-4.47234,-0.17377
4057,1,3053,-4.47189,-0.173456
4058,1,3054,-4.47189,-0.173456
4059,1,3055,-4.47189,-0.173456
4060,1,3056,-4.47189,-0.173456
4061,1,3057,-4.47189,-0.173456
4062,1,3058,-4.47189,-0.173456
4063,1,3059,-4.47189,-0.173456
4064,1,3060,-4.47189,-0.173456
4065,1,3061,-4.47189,-0.173456
4066,1,3062,-4.47189,-0.173456
4067,1,3063,-4.47189,-0.173456
4068,1,3064,-4.47189,-0.173456
4069,1,3065,-4.47189,-0.173456
4070,1,3066,-4.47189,-0.173456
4071,1,3067,-4.47189,-0.173456
4072,1,3068,-4.47189,-0.173456
4073,1,3069,-4.47189,-0.173456
4074,1,3070,-4.47189,-0.173456
4075,1,3071,-4.47189,-0.173456
4076,1,3072,-4.48038,-0.176103
4077,1,3073,-4.48144,-0.176433
4078,1,3074,-4.48144,-0.176433
4079,1,3075,-4.48144,-0.176433
4080,1,3076,-4.48144,-0.176433
4081,1,3077,-4.48144,-0.176433
4082,1,3078,-4.48144,-0.176433
4083,1,3079,-4.48144,-0.176433
4084,1,3080,-4.48144,-0.176433
4085,1,3081,-4.48144,-0.176433
4086,1,3082,-4.48144,-0.176433
4087,1,3083,-4.48144,-0.176433
4088,1,3084,-4.48144,-0.176433
4089,1,3085,-4.48144,-0.176433
4090,1,3086,-4.48144,-0.176433
4091,1,3087,-4.48144,-0.176433
4092,1,3088,-4.48144,-0.176433
4093,1,3089,-4.48144,-0.176433
4094,1,3090,-4.48144,-0.176433
4095,1,3091,-4.48144,-0.176433
4096,1,3092,-4.48144,-0.176433
4097,1,3093,-4.47255,-0.176275
4098,1,3094,-4.47144,-0.176255
4099,1,3095,-4.47144,-0.176255
4100,1,3096,-4.47144,-0.176255
4101,1,3097,-4.47144,-0.176255
4102,1,3098,-4.47144,-0.176255
4103,1,3099,-4.47144,-0.176255
4104,1,3100,-4.47144,-0.176255
4105,1,3101,-4.47144,-0.176255
4106,1,3102,-4.47144,-0.176255
4107,1,3103,-4.46988,-0.170571
4108,1,3104,-4.46975,-0.170089
4109,1,3105,-4.46975,-0.170089
4110,1,3106,-4.46975,-0.170089
4111,1,3107,-4.46975,-0.170089
4112,1,3108,-4.47055,-0.169907
4113,1,3109,-4.47065,-0.169883
4114,1,3110,-4.47065,-0.169883
4115,1,3111,-4.47065,-0.169883
4116,1,3112,-4.47065,-0.169883
4117,1,3113,-4.47065,-0.169883
4118,1,3114,-4.47065,-0.169883
4119,1,3115,-4.47065,-0.169883
4120,1,3116,-4.47065,-0.169883
4121,1,3117,-4.47065,-0.169883
4122,1,3118,-4.47065,-0.169883
4123,1,3119,-4.47065,-0.169883
4124,1,3120,-4.47065,-0.169883
4125,1,3121,-4.47065,-0.169883
4126,1,3122,-4.47065,-0.169883
4127,1,3123,-4.47725,-0.175836
4128,1,3124,-4.47807,-0.176577
4129,1,3125,-4.47807,-0.176577
4130,1,3126,-4.47807,-0.176577
4131,1,3127,-4.47807,-0.176577
4132,1,3128,-4.47807,-0.176577
4133,1,3129,-4.47807,-0.176577
4134,1,3130,-4.47807,-0.176577
4135,1,3131,-4.47807,-0.176577
4136,1,3132,-4.47807,-0.176577
4137,1,3133,-4.47807,-0.176577
4138,1,3134,-4.47807,-0.176577
4139,1,3135,-4.47807,-0.176577
4140,1,3136,-4.47807,-0.176577
4141,1,3137,-4.47807,-0.176577
4142,1,3138,-4.47807,-0.176577
4143,1,3139,-4.47807,-0.176577
4144,1,3140,-4.47807,-0.176577
4145,1,3141,-4.47807,-0.176577
4146,1,3142,-4.47807,-0.176577
4147,1,3143,-4.47807,-0.176577
4148,1,3144,-4.47807,-0.176577
4149,1,3145,-4.47807,-0.176577
4150,1,3146,-4.47807,-0.176577
4151,1,3147,-4.47807,-0.176577
4152,1,3148,-4.47807,-0.176577
4153,1,3149,-4.47474,-0.168873
4154,1,3150,-4.47455,-0.168414
4155,1,3151,-4.47455,-0.168414
4156,1,3152,-4.47455,-0.168414
4157,1,3153,-4.47455,-0.168414
4158,1,3154,-4.47455,-0.168414
4159,1,3155,-4.47455,-0.168414
4160,1,3156,-4.47455,-0.168414
4161,1,3157,-4.47455,-0.168414
4162,1,3158,-4.47455,-0.168414
4163,1,3159,-4.47455,-0.168414
4164,1,3160,-4.47455,-0.168414
4165,1,3161,-4.47455,-0.168414
4166,1,3162,-4.47455,-0.168414
4167,1,3163,-4.47455,-0.168414
4168,1,3164,-4.47455,-0.168414
4169,1,3165,-4.47455,-0.168414
4170,1,3166,-4.47455,-0.168414
4171,1,3167,-4.47455,-0.168414
4172,1,3168,-4.47455,-0.168414
4173,1,3169,-4.47455,-0.168414
4174,1,3170,-4.47455,-0.168414
4175,1,3171,-4.47455,-0.168414
4176,1,3172,-4.47455,-0.168414
4177,1,3173,-4.47455,-0.168414
4178,1,3174,-4.47562,-0.177242
4179,1,3175,-4.47575,-0.178341
4180,1,3176,-4.47575,-0.178341
4181,1,3177,-4.47575,-0.178341
4182,1,3178,-4.47575,-0.178341
4183,1,3179,-4.47575,-0.178341
4184,1,3180,-4.47575,-0.178341
4185,1,3181,-4.47575,-0.178341
4186,1,3182,-4.47575,-0.178341
4187,1,3183,-4.47575,-0.178341
4188,1,3184,-4.47575,-0.178341
4189,1,3185,-4.47575,-0.178341
4190,1,3186,-4.47575,-0.178341
4191,1,3187,-4.47575,-0.178341
4192,1,3188,-4.47575,-0.178341
4193,1,3189,-4.47575,-0.178341
4194,1,3190,-4.47575,-0.178341
4195,1,3191,-4.47575,-0.178341
4196,1,3192,-4.47575,-0.178341
4197,1,3193,-4.47575,-0.178341
4198,1,3194,-4.47575,-0.178341
4199,1,3195,-4.47575,-0.178341
4200,1,3196,-4.47575,-0.178341
4201,1,3197,-4.47469,-0.169511
4202,1,3198,-4.47457,-0.168518
4203,1,3199,-4.47457,-0.168518
4204,1,3200,-4.47457,-0.168518
4205,1,3201,-4.47457,-0.168518
4206,1,3202,-4.47457,-0.168518
4207,1,3203,-4.47457,-0.168518
4208,1,3204,-4.47457,-0.168518
4209,1,3205,-4.47457,-0.168518
4210,1,3206,-4.47457,-0.168518
4211,1,3207,-4.47457,-0.168518
4212,1,3208,-4.47457,-0.168518
4213,1,3209,-4.47457,-0.168518
4214,1,3210,-4.47457,-0.168518
4215,1,3211,-4.47457,-0.168518
4216,1,3212,-4.48304,-0.17123
4217,1,3213,-4.4841,-0.171568
4218,1,3214,-4.4841,-0.171568
4219,1,3215,-4.4841,-0.171568
4220,1,3216,-4.4841,-0.171568
4221,1,3217,-4.4841,-0.171568
4222,1,3218,-4.4841,-0.171568
4223,1,3219,-4.4841,-0.171568
4224,1,3220,-4.48639,-0.18016
4225,1,3221,-4.48668,-0.181229
4226,1,3222,-4.48668,-0.181229
4227,1,3223,-4.48668,-0.181229
4228,1,3224,-4.48668,-0.181229
4229,1,3225,-4.48668,-0.181229
4230,1,3226,-4.48668,-0.181229
4231,1,3227,-4.48668,-0.181229
4232,1,3228,-4.48668,-0.181229
4233,1,3229,-4.48668,-0.181229
4234,1,3230,-4.48668,-0.181229
4235,1,3231,-4.48668,-0.181229
4236,1,3232,-4.48668,-0.181229
4237,1,3233,-4.47784,-0.182271
4238,1,3234,-4.47674,-0.182401
4239,1,3235,-4.47674,-0.182401
4240,1,3236,-4.47674,-0.182401
4241,1,3237,-4.47674,-0.182401
4242,1,3238,-4.47674,-0.182401
4243,1,3239,-4.47674,-0.182401
4244,1,3240,-4.47674,-0.182401
4245,1,3241,-4.47674,-0.182401
4246,1,3242,-4.47674,-0.182401
4247,1,3243,-4.47674,-0.182401
4248,1,3244,-4.47674,-0.182401
4249,1,3245,-4.47674,-0.182401
4250,1,3246,-4.47674,-0.182401
4251,1,3247,-4.47674,-0.182401
4252,1,3248,-4.47674,-0.182401
4253,1,3249,-4.47674,-0.182401
4254,1,3250,-4.47674,-0.182401
4255,1,3251,-4.47674,-0.182401
4256,1,3252,-4.47674,-0.182401
4257,1,3253,-4.47674,-0.182401
4258,1,3254,-4.47674,-0.182401
4259,1,3255,-4.47674,-0.182401
4260,1,3256,-4.47674,-0.182401
4261,1,3257,-4.47674,-0.182401
4262,1,3258,-4.47674,-0.182401
4263,1,3259,-4.48521,-0.185134
4264,1,3260,-4.48626,-0.185474
4265,1,3261,-4.48626,-0.185474
4266,1,3262,-4.48626,-0.185474
4267,1,3263,-4.48626,-0.185474
4268,1,3264,-4.48626,-0.185474
4269,1,3265,-4.48626,-0.185474
4270,1,3266,-4.48626,-0.185474
4271,1,3267,-4.48626,-0.185474
4272,1,3268,-4.48626,-0.185474
4273,1,3269,-4.48626,-0.185474
4274,1,3270,-4.48626,-0.185474
4275,1,3271,-4.48626,-0.185474
4276,1,3272,-4.48235,-0.193459
4277,1,3273,-4.48186,-0.194453
4278,1,3274,-4.48186,-0.194453
4279,1,3275,-4.48186,-0.194453
4280,1,3276,-4.48186,-0.194453
4281,1,3277,-4.48186,-0.194453
4282,1,3278,-4.47367,-0.197921
4283,1,3279,-4.47265,-0.198353
4284,1,3280,-4.47265,-0.198353
4285,1,3281,-4.47265,-0.198353
4286,1,3282,-4.47265,-0.198353
4287,1,3283,-4.47265,-0.198353
4288,1,3284,-4.47265,-0.198353
4289,1,3285,-4.47265,-0.198353
4290,1,3286,-4.47265,-0.198353
4291,1,3287,-4.47265,-0.198353
4292,1,3288,-4.47265,-0.198353
4293,1,3289,-4.47265,-0.198353
4294,1,3290,-4.47265,-0.198353
4295,1,3291,-4.47265,-0.198353
4296,1,3292,-4.47265,-0.198353
4297,1,3293,-4.47265,-0.198353
4298,1,3294,-4.47265,-0.198353
4299,1,3295,-4.4754,-0.189896
4300,1,3296,-4.47574,-0.188843
4301,1,3297,-4.47574,-0.188843
4302,1,3298,-4.47574,-0.188843
4303,1,3299,-4.47574,-0.188843
4304,1,3300,-4.47574,-0.188843
4305,1,3301,-4.47574,-0.188843
4306,1,3302,-4.47574,-0.188843
4307,1,3303,-4.47574,-0.188843
4308,1,3304,-4.47574,-0.188843
4309,1,3305,-4.47574,-0.188843
4310,1,3306,-4.47574,-0.188843
4311,1,3307,-4.47574,-0.188843
4312,1,3308,-4.47574,-0.188843
4313,1,3309,-4.47574,-0.188843
4314,1,3310,-4.47574,-0.188843
4315,1,3311,-4.47574,-0.188843
4316,1,3312,-4.47574,-0.188843
4317,1,3313,-4.47574,-0.188843
4318,1,3314,-4.47574,-0.188843
4319,1,3315,-4.47674,-0.197679
4320,1,3316,-4.47687,-0.198779
4321,1,3317,-4.47687,-0.198779
4322,1,3318,-4.47687,-0.198779
4323,1,3319,-4.47687,-0.198779
4324,1,3320,-4.47687,-0.198779
4325,1,3321,-4.47687,-0.198779
4326,1,3322,-4.47687,-0.198779
4327,1,3323,-4.47687,-0.198779
4328,1,3324,-4.47687,-0.198779
4329,1,3325,-4.47687,-0.198779
4330,1,3326,-4.47687,-0.198779
4331,1,3327,-4.47687,-0.198779
4332,1,3328,-4.47687,-0.198779
4333,1,3329,-4.47687,-0.198779
4334,1,3330,-4.47687,-0.198779
4335,1,3331,-4.47687,-0.198779
4336,1,3332,-4.47687,-0.198779
4337,1,3333,-4.47687,-0.198779
4338,1,3334,-4.47125,-0.191882
4339,1,3335,-4.47056,-0.191023
4340,1,3336,-4.47056,-0.191023
4341,1,3337,-4.47056,-0.191023
4342,1,3338,-4.47056,-0.191023
4343,1,3339,-4.47056,-0.191023
4344,1,3340,-4.47056,-0.191023
4345,1,3341,-4.47056,-0.191023
4346,1,3342,-4.47056,-0.191023
4347,1,3343,-4.47056,-0.191023
4348,1,3344,-4.47056,-0.191023
4349,1,3345,-4.47056,-0.191023
4350,1,3346,-4.47056,-0.191023
4351,1,3347,-4.47056,-0.191023
4352,1,3348,-4.47056,-0.191023
4353,1,3349,-4.47056,-0.191023
4354,1,3350,-4.47056,-0.191023
4355,1,3351,-4.47056,-0.191023
4356,1,3352,-4.47056,-0.191023
4357,1,3353,-4.47056,-0.191023
4358,1,3354,-4.47056,-0.191023
4359,1,3355,-4.47056,-0.191023
4360,1,3356,-4.47056,-0.191023
4361,1,3357,-4.47056,-0.191023
4362,1,3358,-4.47056,-0.191023
4363,1,3359,-4.47056,-0.191023
4364,1,3360,-4.47056,-0.191023
4365,1,3361,-4.47056,-0.191023
4366,1,3362,-4.47056,-0.191023
4367,1,3363,-4.47056,-0.191023
4368,1,3364,-4.46777,-0.19947
4369,1,3365,-4.46743,-0.200522
4370,1,3366,-4.46743,-0.200522
4371,1,3367,-4.46743,-0.200522
4372,1,3368,-4.46743,-0.200522
4373,1,3369,-4.46743,-0.200522
4374,1,3370,-4.46743,-0.200522
4375,1,3371,-4.46743,-0.200522
4376,1,3372,-4.46743,-0.200522
4377,1,3373,-4.46743,-0.200522
4378,1,3374,-4.46743,-0.200522
4379,1,3375,-4.45867,-0.198966
4380,1,3376,-4.45758,-0.198772
4381,1,3377,-4.45758,-0.198772
4382,1,3378,-4.45758,-0.198772
4383,1,3379,-4.45758,-0.198772
4384,1,3380,-4.45758,-0.198772
4385,1,3381,-4.45758,-0.198772
4386,1,3382,-4.45758,-0.198772
4387,1,3383,-4.45758,-0.198772
4388,1,3384,-4.45758,-0.198772
4389,1,3385,-4.45758,-0.198772
4390,1,3386,-4.45758,-0.198772
4391,1,3387,-4.45758,-0.198772
4392,1,3388,-4.45758,-0.198772
4393,1,3389,-4.45758,-0.198772
4394,1,3390,-4.45758,-0.198772
4395,1,3391,-4.45758,-0.198772
4396,1,3392,-4.4645,-0.19318
4397,1,3393,-4.46536,-0.192484
4398,1,3394,-4.46536,-0.192484
4399,1,3395,-4.46536,-0.192484
4400,1,3396,-4.46536,-0.192484
4401,1,3397,-4.46536,-0.192484
4402,1,3398,-4.46536,-0.192484
4403,1,3399,-4.46536,-0.192484
4404,1,3400,-4.46536,-0.192484
4405,1,3401,-4.46536,-0.192484
4406,1,3402,-4.46536,-0.192484
4407,1,3403,-4.46536,-0.192484
4408,1,3404,-4.46536,-0.192484
4409,1,3405,-4.46536,-0.192484
4410,1,3406,-4.46536,-0.192484
4411,1,3407,-4.46757,-0.201099
4412,1,3408,-4.46784,-0.202171
4413,1,3409,-4.46784,-0.202171
4414,1,3410,-4.46784,-0.202171
4415,1,3411,-4.46784,-0.202171
4416,1,3412,-4.46784,-0.202171
4417,1,3413,-4.46784,-0.202171
4418,1,3414,-4.46784,-0.202171
4419,1,3415,-4.46784,-0.202171
4420,1,3416,-4.46784,-0.202171
4421,1,3417,-4.46784,-0.202171
4422,1,3418,-4.46784,-0.202171
4423,1,3419,-4.46784,-0.202171
4424,1,3420,-4.46784,-0.202171
4425,1,3421,-4.46784,-0.202171
4426,1,3422,-4.46784,-0.202171
4427,1,3423,-4.46784,-0.202171
4428,1,3424,-4.46784,-0.202171
4429,1,3425,-4.46784,-0.202171
4430,1,3426,-4.46784,-0.202171
4431,1,3427,-4.46784,-0.202171
4432,1,3428,-4.46784,-0.202171
4433,1,3429,-4.46784,-0.202171
4434,1,3430,-4.46784,-0.202171
4435,1,3431,-4.46784,-0.202171
4436,1,3432,-4.46816,-0.193284
4437,1,3433,-4.4682,-0.192178
4438,1,3434,-4.4682,-0.192178
4439,1,3435,-4.4682,-0.192178
4440,1,3436,-4.4682,-0.192178
4441,1,3437,-4.4682,-0.192178
4442,1,3438,-4.4682,-0.192178
4443,1,3439,-4.4682,-0.192178
4444,1,3440,-4.4682,-0.192178
4445,1,3441,-4.4682,-0.192178
4446,1,3442,-4.4682,-0.192178
4447,1,3443,-4.4682,-0.192178
4448,1,3444,-4.4682,-0.192178
4449,1,3445,-4.4682,-0.192178
4450,1,3446,-4.4682,-0.192178
4451,1,3447,-4.4682,-0.192178
4452,1,3448,-4.4682,-0.192178
4453,1,3449,-4.4682,-0.192178
4454,1,3450,-4.4682,-0.192178
4455,1,3451,-4.4682,-0.192178
4456,1,3452,-4.4682,-0.192178
4457,1,3453,-4.47039,-0.200798
4458,1,3454,-4.47066,-0.201871
4459,1,3455,-4.47066,-0.201871
4460,1,3456,-4.47066,-0.201871
4461,1,3457,-4.47066,-0.201871
4462,1,3458,-4.47066,-0.201871
4463,1,3459,-4.47066,-0.201871
4464,1,3460,-4.47066,-0.201871
4465,1,3461,-4.47066,-0.201871
4466,1,3462,-4.47066,-0.201871
4467,1,3463,-4.47066,-0.201871
4468,1,3464,-4.47066,-0.201871
4469,1,3465,-4.47066,-0.201871
4470,1,3466,-4.47066,-0.201871
4471,1,3467,-4.47066,-0.201871
4472,1,3468,-4.47066,-0.201871
4473,1,3469,-4.47066,-0.201871
4474,1,3470,-4.47066,-0.201871
4475,1,3471,-4.46337,-0.19678
4476,1,3472,-4.46246,-0.196147
4477,1,3473,-4.46246,-0.196147
4478,1,3474,-4.46246,-0.196147
4479,1,3475,-4.46246,-0.196147
4480,1,3476,-4.46246,-0.196147
4481,1,3477,-4.46246,-0.196147
4482,1,3478,-4.46246,-0.196147
4483,1,3479,-4.46246,-0.196147
4484,1,3480,-4.46246,-0.196147
4485,1,3481,-4.46246,-0.196147
4486,1,3482,-4.46246,-0.196147
4487,1,3483,-4.46246,-0.196147
4488,1,3484,-4.46246,-0.196147
4489,1,3485,-4.46246,-0.196147
4490,1,3486,-4.46246,-0.196147
4491,1,3487,-4.46246,-0.196147
4492,1,3488,-4.46246,-0.196147
4493,1,3489,-4.46246,-0.196147
4494,1,3490,-4.46246,-0.196147
4495,1,3491,-4.46246,-0.196147
4496,1,3492,-4.46246,-0.196147
4497,1,3493,-4.46246,-0.196147
4498,1,3494,-4.46246,-0.196147
4499,1,3495,-4.46246,-0.196147
4500,1,3496,-4.46246,-0.196147
4501,1,3497,-4.46246,-0.196147
4502,1,3498,-4.46246,-0.196147
4503,1,3499,-4.46246,-0.196147
4504,1,3500,-4.46246,-0.196147
4505,1,3501,-4.46219,-0.204583
4506,1,3502,-4.46224,-0.205133
4507,1,3503,-4.46224,-0.205133
4508,1,3504,-4.46224,-0.205133
4509,1,3505,-4.46224,-0.205133
4510,1,3506,-4.46224,-0.205133
4511,1,3507,-4.46224,-0.205133
4512,1,3508,-4.46224,-0.205133
4513,1,3509,-4.46224,-0.205133
4514,1,3510,-4.46224,-0.205133
4515,1,3511,-4.46224,-0.205133
4516,1,3512,-4.46224,-0.205133
4517,1,3513,-4.46224,-0.205133
4518,1,3514,-4.46224,-0.205133
4519,1,3515,-4.46224,-0.205133
4520,1,3516,-4.45589,-0.200537
4521,1,3517,-4.45513,-0.200001
4522,1,3518,-4.45513,-0.200001
4523,1,3519,-4.45513,-0.200001
4524,1,3520,-4.45513,-0.200001
4525,1,3521,-4.45513,-0.200001
4526,1,3522,-4.45513,-0.200001
4527,1,3523,-4.45513,-0.200001
4528,1,3524,-4.45513,-0.200001
4529,1,3525,-4.45513,-0.200001
4530,1,3526,-4.45513,-0.200001
4531,1,3527,-4.45513,-0.200001
4532,1,3528,-4.45513,-0.200001
4533,1,3529,-4.45513,-0.200001
4534,1,3530,-4.45513,-0.200001
4535,1,3531,-4.45513,-0.200001
4536,1,3532,-4.45513,-0.200001
4537,1,3533,-4.45513,-0.200001
4538,1,3534,-4.45513,-0.200001
4539,1,3535,-4.45513,-0.200001
4540,1,3536,-4.45513,-0.200001
4541,1,3537,-4.45513,-0.200001
4542,1,3538,-4.45513,-0.200001
4543,1,3539,-4.45513,-0.200001
4544,1,3540,-4.45513,-0.200001
4545,1,3541,-4.45513,-0.200001
4546,1,3542,-4.4608,-0.20398
4547,1,3543,-4.46162,-0.204527
4548,1,3544,-4.46162,-0.204527
4549,1,3545,-4.46162,-0.204527
4550,1,3546,-4.46162,-0.204527
4551,1,3547,-4.46321,-0.209775
4552,1,3548,-4.4634,-0.210325
4553,1,3549,-4.4634,-0.210325
4554,1,3550,-4.4634,-0.210325
4555,1,3551,-4.4634,-0.210325
4556,1,3552,-4.4634,-0.210325
4557,1,3553,-4.4634,-0.210325
4558,1,3554,-4.4634,-0.210325
4559,1,3555,-4.4634,-0.210325
4560,1,3556,-4.4634,-0.210325
4561,1,3557,-4.4634,-0.210325
4562,1,3558,-4.4634,-0.210325
4563,1,3559,-4.4634,-0.210325
4564,1,3560,-4.4634,-0.210325
4565,1,3561,-4.4634,-0.210325
4566,1,3562,-4.4634,-0.210325
4567,1,3563,-4.4634,-0.210325
4568,1,3564,-4.4634,-0.210325
4569,1,3565,-4.4634,-0.210325
4570,1,3566,-4.4634,-0.210325
4571,1,3567,-4.4634,-0.210325
4572,1,3568,-4.4634,-0.210325
4573,1,3569,-4.4634,-0.210325
4574,1,3570,-4.4634,-0.210325
4575,1,3571,-4.4634,-0.210325
4576,1,3572,-4.4634,-0.210325
4577,1,3573,-4.4634,-0.210325
4578,1,3574,-4.4634,-0.210325
4579,1,3575,-4.46854,-0.203062
4580,1,3576,-4.46917,-0.202158
4581,1,3577,-4.46917,-0.202158
4582,1,3578,-4.46917,-0.202158
4583,1,3579,-4.46917,-0.202158
4584,1,3580,-4.46917,-0.202158
4585,1,3581,-4.46917,-0.202158
4586,1,3582,-4.46917,-0.202158
4587,1,3583,-4.46917,-0.202158
4588,1,3584,-4.46917,-0.202158
4589,1,3585,-4.46917,-0.202158
4590,1,3586,-4.46917,-0.202158
4591,1,3587,-4.46917,-0.202158
4592,1,3588,-4.46917,-0.202158
4593,1,3589,-4.46917,-0.202158
4594,1,3590,-4.47364,-0.209847
4595,1,3591,-4.4742,-0.210804
4596,1,3592,-4.4742,-0.210804
4597,1,3593,-4.4742,-0.210804
4598,1,3594,-4.4742,-0.210804
4599,1,3595,-4.4742,-0.210804
4600,1,3596,-4.4742,-0.210804
4601,1,3597,-4.4742,-0.210804
4602,1,3598,-4.4742,-0.210804
4603,1,3599,-4.4742,-0.210804
4604,1,3600,-4.4742,-0.210804
4605,1,3601,-4.4742,-0.210804
4606,1,3602,-4.4742,-0.210804
4607,1,3603,-4.46685,-0.213726
4608,1,3604,-4.46637,-0.2139
4609,1,3605,-4.46637,-0.2139
4610,1,3606,-4.46637,-0.2139
4611,1,3607,-4.46637,-0.2139
4612,1,3608,-4.46637,-0.2139
4613,1,3609,-4.46637,-0.2139
4614,1,3610,-4.46637,-0.2139
4615,1,3611,-4.46637,-0.2139
4616,1,3612,-4.46637,-0.2139
4617,1,3613,-4.46637,-0.2139
4618,1,3614,-4.46637,-0.2139
4619,1,3615,-4.46637,-0.2139
4620,1,3616,-4.46637,-0.2139
4621,1,3617,-4.46637,-0.2139
4622,1,3618,-4.46637,-0.2139
4623,1,3619,-4.46637,-0.2139
4624,1,3620,-4.46637,-0.2139
4625,1,3621,-4.46637,-0.2139
4626,1,3622,-4.46637,-0.2139
4627,1,3623,-4.46637,-0.2139
4628,1,3624,-4.46637,-0.2139
4629,1,3625,-4.46637,-0.2139
4630,1,3626,-4.46637,-0.2139
4631,1,3627,-4.46637,-0.2139
4632,1,3628,-4.47522,-0.213048
4633,1,3629,-4.47632,-0.212942
4634,1,3630,-4.47632,-0.212942
4635,1,3631,-4.47632,-0.212942
4636,1,3632,-4.47632,-0.212942
4637,1,3633,-4.47632,-0.212942
4638,1,3634,-4.48357,-0.218097
4639,1,3635,-4.48447,-0.218738
4640,1,3636,-4.48447,-0.218738
4641,1,3637,-4.48447,-0.218738
4642,1,3638,-4.48447,-0.218738
4643,1,3639,-4.48447,-0.218738
4644,1,3640,-4.48447,-0.218738
4645,1,3641,-4.48447,-0.218738
4646,1,3642,-4.48447,-0.218738
4647,1,3643,-4.48447,-0.218738
4648,1,3644,-4.48447,-0.218738
4649,1,3645,-4.48447,-0.218738
4650,1,3646,-4.48447,-0.218738
4651,1,3647,-4.48447,-0.218738
4652,1,3648,-4.48447,-0.218738
4653,1,3649,-4.48447,-0.218738
4654,1,3650,-4.48447,-0.218738
4655,1,3651,-4.48447,-0.218738
4656,1,3652,-4.48447,-0.218738
4657,1,3653,-4.48447,-0.218738
4658,1,3654,-4.48447,-0.218738
4659,1,3655,-4.48447,-0.218738
4660,1,3656,-4.47657,-0.214658
4661,1,3657,-4.47558,-0.214149
4662,1,3658,-4.47558,-0.214149
4663,1,3659,-4.47558,-0.214149
4664,1,3660,-4.47558,-0.214149
4665,1,3661,-4.47558,-0.214149
4666,1,3662,-4.47558,-0.214149
4667,1,3663,-4.47558,-0.214149
4668,1,3664,-4.47558,-0.214149
4669,1,3665,-4.47558,-0.214149
4670,1,3666,-4.47558,-0.214149
4671,1,3667,-4.47558,-0.214149
4672,1,3668,-4.47558,-0.214149
4673,1,3669,-4.47558,-0.214149
4674,1,3670,-4.47558,-0.214149
4675,1,3671,-4.47558,-0.214149
4676,1,3672,-4.47558,-0.214149
4677,1,3673,-4.47558,-0.214149
4678,1,3674,-4.47558,-0.214149
4679,1,3675,-4.48444,-0.21332
4680,1,3676,-4.48554,-0.213217
4681,1,3677,-4.48554,-0.213217
4682,1,3678,-4.48554,-0.213217
4683,1,3679,-4.48554,-0.213217
4684,1,3680,-4.48554,-0.213217
4685,1,3681,-4.48554,-0.213217
4686,1,3682,-4.48554,-0.213217
4687,1,3683,-4.48554,-0.213217
4688,1,3684,-4.48554,-0.213217
4689,1,3685,-4.48883,-0.22148
4690,1,3686,-4.48923,-0.222509
4691,1,3687,-4.48923,-0.222509
4692,1,3688,-4.48923,-0.222509
4693,1,3689,-4.48923,-0.222509
4694,1,3690,-4.48923,-0.222509
4695,1,3691,-4.4863,-0.230905
4696,1,3692,-4.48594,-0.23195
4697,1,3693,-4.48594,-0.23195
4698,1,3694,-4.48594,-0.23195
4699,1,3695,-4.48594,-0.23195
4700,1,3696,-4.48594,-0.23195
4701,1,3697,-4.48594,-0.23195
4702,1,3698,-4.48176,-0.233551
4703,1,3699,-4.48134,-0.233716
4704,1,3700,-4.48134,-0.233716
4705,1,3701,-4.48134,-0.233716
4706,1,3702,-4.48134,-0.233716
4707,1,3703,-4.48134,-0.233716
4708,1,3704,-4.48134,-0.233716
4709,1,3705,-4.48134,-0.233716
4710,1,3706,-4.48134,-0.233716
4711,1,3707,-4.48134,-0.233716
4712,1,3708,-4.48134,-0.233716
4713,1,3709,-4.48134,-0.233716
4714,1,3710,-4.48134,-0.233716
4715,1,3711,-4.48134,-0.233716
4716,1,3712,-4.48134,-0.233716
4717,1,3713,-4.48134,-0.233716
4718,1,3714,-4.48134,-0.233716
4719,1,3715,-4.48134,-0.233716
4720,1,3716,-4.48134,-0.233716
4721,1,3717,-4.48134,-0.233716
4722,1,3718,-4.48134,-0.233716
4723,1,3719,-4.48134,-0.233716
4724,1,3720,-4.48134,-0.233716
4725,1,3721,-4.48134,-0.233716
4726,1,3722,-4.48134,-0.233716
4727,1,3723,-4.48134,-0.233716
4728,1,3724,-4.48134,-0.233716
4729,1,3725,-4.49007,-0.235437
4730,1,3726,-4.49115,-0.235652
4731,1,3727,-4.49115,-0.235652
4732,1,3728,-4.49115,-0.235652
4733,1,3729,-4.49115,-0.235652
4734,1,3730,-4.49115,-0.235652
4735,1,3731,-4.49115,-0.235652
4736,1,3732,-4.49115,-0.235652
4737,1,3733,-4.49115,-0.235652
4738,1,3734,-4.49115,-0.235652
4739,1,3735,-4.49115,-0.235652
4740,1,3736,-4.49115,-0.235652
4741,1,3737,-4.49115,-0.235652
4742,1,3738,-4.49115,-0.235652
4743,1,3739,-4.49115,-0.235652
4744,1,3740,-4.49115,-0.235652
4745,1,3741,-4.49115,-0.235652
4746,1,3742,-4.49115,-0.235652
4747,1,3743,-4.49115,-0.235652
4748,1,3744,-4.49115,-0.235652
4749,1,3745,-4.49115,-0.235652
4750,1,3746,-4.49115,-0.235652
4751,1,3747,-4.49115,-0.235652
4752,1,3748,-4.49115,-0.235652
4753,1,3749,-4.49115,-0.235652
4754,1,3750,-4.49115,-0.235652
4755,1,3751,-4.49115,-0.235652
4756,1,3752,-4.49115,-0.235652
4757,1,3753,-4.49115,-0.235652
4758,1,3754,-4.48675,-0.227923
4759,1,3755,-4.48192,-0.21917
4760,1,3756,-4.47709,-0.21041
4761,1,3757,-4.47656,-0.20944
4762,1,3758,-4.47656,-0.20944
4763,1,3759,-4.47656,-0.20944
4764,1,3760,-4.47656,-0.20944
4765,1,3761,-4.47656,-0.20944
4766,1,3762,-4.47656,-0.20944
4767,1,3763,-4.47656,-0.20944
4768,1,3764,-4.47656,-0.20944
4769,1,3765,-4.47656,-0.20944
4770,1,3766,-4.47656,-0.20944
4771,1,3767,-4.47656,-0.20944
4772,1,3768,-4.47656,-0.20944
4773,1,3769,-4.47656,-0.20944
4774,1,3770,-4.47656,-0.20944
4775,1,3771,-4.47656,-0.20944
4776,1,3772,-4.47656,-0.20944
4777,1,3773,-4.47656,-0.20944
4778,1,3774,-4.47656,-0.20944
4779,1,3775,-4.47656,-0.20944
4780,1,3776,-4.47656,-0.20944
4781,1,3777,-4.47656,-0.20944
4782,1,3778,-4.47656,-0.20944
4783,1,3779,-4.47656,-0.20944
4784,1,3780,-4.47656,-0.20944
4785,1,3781,-4.47656,-0.20944
4786,1,3782,-4.47656,-0.20944
4787,1,3783,-4.47656,-0.20944
4788,1,3784,-4.47656,-0.20944
4789,1,3785,-4.47656,-0.20944
4790,1,3786,-4.47242,-0.217313
4791,1,3787,-4.47191,-0.218293
4792,1,3788,-4.47191,-0.218293
4793,1,3789,-4.47191,-0.218293
4794,1,3790,-4.47191,-0.218293
4795,1,3791,-4.47191,-0.218293
4796,1,3792,-4.47191,-0.218293
4797,1,3793,-4.47191,-0.218293
4798,1,3794,-4.47191,-0.218293
4799,1,3795,-4.47191,-0.218293
4800,1,3796,-4.47191,-0.218293
4801,1,3797,-4.47191,-0.218293
4802,1,3798,-4.47191,-0.218293
4803,1,3799,-4.47191,-0.218293
4804,1,3800,-4.47191,-0.218293
4805,1,3801,-4.47191,-0.218293
4806,1,3802,-4.47191,-0.218293
4807,1,3803,-4.47191,-0.218293
4808,1,3804,-4.47191,-0.218293
4809,1,3805,-4.47191,-0.218293
4810,1,3806,-4.47191,-0.218293
4811,1,3807,-4.47191,-0.218293
4812,1,3808,-4.47191,-0.218293
4813,1,3809,-4.47191,-0.218293
4814,1,3810,-4.47191,-0.218293
4815,1,3811,-4.47191,-0.218293
4816,1,3812,-4.47895,-0.21286
4817,1,3813,-4.47983,-0.212184
4818,1,3814,-4.47983,-0.212184
4819,1,3815,-4.47983,-0.212184
4820,1,3816,-4.47983,-0.212184
4821,1,3817,-4.47983,-0.212184
4822,1,3818,-4.47983,-0.212184
4823,1,3819,-4.47983,-0.212184
4824,1,3820,-4.47983,-0.212184
4825,1,3821,-4.47983,-0.212184
4826,1,3822,-4.47983,-0.212184
4827,1,3823,-4.47983,-0.212184
4828,1,3824,-4.47983,-0.212184
4829,1,3825,-4.47983,-0.212184
4830,1,3826,-4.47983,-0.212184
4831,1,3827,-4.47983,-0.212184
4832,1,3828,-4.47983,-0.212184
4833,1,3829,-4.47983,-0.212184
4834,1,3830,-4.47983,-0.212184
4835,1,3831,-4.47983,-0.212184
4836,1,3832,-4.47983,-0.212184
4837,1,3833,-4.47983,-0.212184
4838,1,3834,-4.47983,-0.212184
4839,1,3835,-4.47278,-0.217608
4840,1,3836,-4.4719,-0.218283
4841,1,3837,-4.4719,-0.218283
4842,1,3838,-4.4719,-0.218283
4843,1,3839,-4.4719,-0.218283
4844,1,3840,-4.4719,-0.218283
4845,1,3841,-4.4719,-0.218283
4846,1,3842,-4.4719,-0.218283
4847,1,3843,-4.4719,-0.218283
4848,1,3844,-4.4719,-0.218283
4849,1,3845,-4.46471,-0.213046
4850,1,3846,-4.46382,-0.212394
4851,1,3847,-4.46382,-0.212394
4852,1,3848,-4.46382,-0.212394
4853,1,3849,-4.46382,-0.212394
4854,1,3850,-4.46382,-0.212394
4855,1,3851,-4.46382,-0.212394
4856,1,3852,-4.46382,-0.212394
4857,1,3853,-4.46382,-0.212394
4858,1,3854,-4.46382,-0.212394
4859,1,3855,-4.46382,-0.212394
4860,1,3856,-4.46382,-0.212394
4861,1,3857,-4.46382,-0.212394
4862,1,3858,-4.46382,-0.212394
4863,1,3859,-4.46382,-0.212394
4864,1,3860,-4.46382,-0.212394
4865,1,3861,-4.46382,-0.212394
4866,1,3862,-4.46382,-0.212394
4867,1,3863,-4.46382,-0.212394
4868,1,3864,-4.46382,-0.212394
4869,1,3865,-4.46382,-0.212394
4870,1,3866,-4.46382,-0.212394
4871,1,3867,-4.46382,-0.212394
4872,1,3868,-4.471,-0.21764
4873,1,3869,-4.47189,-0.218293
4874,1,3870,-4.47189,-0.218293
4875,1,3871,-4.47189,-0.218293
4876,1,3872,-4.47189,-0.218293
4877,1,3873,-4.47189,-0.218293
4878,1,3874,-4.47189,-0.218293
4879,1,3875,-4.47189,-0.218293
4880,1,3876,-4.47189,-0.218293
4881,1,3877,-4.47189,-0.218293
4882,1,3878,-4.47189,-0.218293
4883,1,3879,-4.47189,-0.218293
4884,1,3880,-4.47189,-0.218293
4885,1,3881,-4.47189,-0.218293
4886,1,3882,-4.47189,-0.218293
4887,1,3883,-4.47189,-0.218293
4888,1,3884,-4.47189,-0.218293
4889,1,3885,-4.47189,-0.218293
4890,1,3886,-4.47189,-0.218293
4891,1,3887,-4.47189,-0.218293
4892,1,3888,-4.47189,-0.218293
4893,1,3889,-4.47189,-0.218293
4894,1,3890,-4.46405,-0.214113
4895,1,3891,-4.46307,-0.213593
4896,1,3892,-4.46307,-0.213593
4897,1,3893,-4.46307,-0.213593
4898,1,3894,-4.46307,-0.213593
4899,1,3895,-4.46307,-0.213593
4900,1,3896,-4.46307,-0.213593
4901,1,3897,-4.46307,-0.213593
4902,1,3898,-4.46307,-0.213593
4903,1,3899,-4.46307,-0.213593
4904,1,3900,-4.46307,-0.213593
4905,1,3901,-4.46609,-0.20523
4906,1,3902,-4.46647,-0.204189
4907,1,3903,-4.46647,-0.204189
4908,1,3904,-4.46647,-0.204189
4909,1,3905,-4.46647,-0.204189
4910,1,3906,-4.46647,-0.204189
4911,1,3907,-4.46647,-0.204189
4912,1,3908,-4.46647,-0.204189
4913,1,3909,-4.46647,-0.204189
4914,1,3910,-4.46647,-0.204189
4915,1,3911,-4.46647,-0.204189
4916,1,3912,-4.46647,-0.204189
4917,1,3913,-4.46647,-0.204189
4918,1,3914,-4.46647,-0.204189
4919,1,3915,-4.46647,-0.204189
4920,1,3916,-4.46647,-0.204189
4921,1,3917,-4.46647,-0.204189
4922,1,3918,-4.4708,-0.211956
4923,1,3919,-4.47134,-0.212923
4924,1,3920,-4.47134,-0.212923
4925,1,3921,-4.47134,-0.212923
4926,1,3922,-4.47134,-0.212923
4927,1,3923,-4.47134,-0.212923
4928,1,3924,-4.47134,-0.212923
4929,1,3925,-4.47134,-0.212923
4930,1,3926,-4.47134,-0.212923
4931,1,3927,-4.47134,-0.212923
4932,1,3928,-4.47134,-0.212923
4933,1,3929,-4.47134,-0.212923
4934,1,3930,-4.47134,-0.212923
4935,1,3931,-4.47134,-0.212923
4936,1,3932,-4.47134,-0.212923
4937,1,3933,-4.47134,-0.212923
4938,1,3934,-4.47134,-0.212923
4939,1,3935,-4.47134,-0.212923
4940,1,3936,-4.47134,-0.212923
4941,1,3937,-4.47134,-0.212923
4942,1,3938,-4.46418,-0.207649
4943,1,3939,-4.46329,-0.206993
4944,1,3940,-4.46329,-0.206993
4945,1,3941,-4.46329,-0.206993
4946,1,3942,-4.46329,-0.206993
4947,1,3943,-4.46329,-0.206993
4948,1,3944,-4.46329,-0.206993
4949,1,3945,-4.46329,-0.206993
4950,1,3946,-4.46329,-0.206993
4951,1,3947,-4.46329,-0.206993
4952,1,3948,-4.46329,-0.206993
4953,1,3949,-4.46329,-0.206993
4954,1,3950,-4.46329,-0.206993
4955,1,3951,-4.46329,-0.206993
4956,1,3952,-4.46329,-0.206993
4957,1,3953,-4.46329,-0.206993
4958,1,3954,-4.4716,-0.203827
4959,1,3955,-4.47263,-0.203433
4960,1,3956,-4.47263,-0.203433
4961,1,3957,-4.47263,-0.203433
4962,1,3958,-4.47263,-0.203433
4963,1,3959,-4.48134,-0.205265
4964,1,3960,-4.48242,-0.205493
4965,1,3961,-4.48242,-0.205493
4966,1,3962,-4.48242,-0.205493
4967,1,3963,-4.48242,-0.205493
4968,1,3964,-4.48242,-0.205493
4969,1,3965,-4.48242,-0.205493
4970,1,3966,-4.48242,-0.205493
4971,1,3967,-4.48242,-0.205493
4972,1,3968,-4.48436,-0.214171
4973,1,3969,-4.48461,-0.215251
4974,1,3970,-4.48461,-0.215251
4975,1,3971,-4.48461,-0.215251
4976,1,3972,-4.48461,-0.215251
4977,1,3973,-4.48461,-0.215251
4978,1,3974,-4.48461,-0.215251
4979,1,3975,-4.48461,-0.215251
4980,1,3976,-4.48461,-0.215251
4981,1,3977,-4.48461,-0.215251
4982,1,3978,-4.48461,-0.215251
4983,1,3979,-4.48461,-0.215251
4984,1,3980,-4.48461,-0.215251
4985,1,3981,-4.47574,-0.215935
4986,1,3982,-4.47464,-0.21602
4987,1,3983,-4.47464,-0.21602
4988,1,3984,-4.47464,-0.21602
4989,1,3985,-4.47464,-0.21602
4990,1,3986,-4.47464,-0.21602
4991,1,3987,-4.47464,-0.21602
4992,1,3988,-4.47464,-0.21602
4993,1,3989,-4.47464,-0.21602
4994,1,3990,-4.47464,-0.21602
4995,1,3991,-4.47464,-0.21602
4996,1,3992,-4.47464,-0.21602
4997,1,3993,-4.47464,-0.21602
4998,1,3994,-4.47464,-0.21602
4999,1,3995,-4.47464,-0.21602
5000,1,3996,-4.47464,-0.21602
5001,1,3997,-4.47464,-0.21602
5002,1,3998,-4.47464,-0.21602
5003,1,3999,-4.47464,-0.21602
5004,1,4000,-4.47464,-0.21602
5005,1,4001,-4.47464,-0.21602
5006,1,4002,-4.47464,-0.21602
5007,1,4003,-4.47464,-0.21602
5008,1,4004,-4.47464,-0.21602
5009,1,4005,-4.47464,-0.21602
5010,1,4006,-4.47464,-0.21602
5011,1,4007,-4.47464,-0.21602
5012,1,4008,-4.48246,-0.22025
5013,1,4009,-4.48343,-0.220777
5014,1,4010,-4.48343,-0.220777
5015,1,4011,-4.48343,-0.220777
5016,1,4012,-4.48343,-0.220777
5017,1,4013,-4.48343,-0.220777
5018,1,4014,-4.48343,-0.220777
5019,1,4015,-4.48343,-0.220777
5020,1,4016,-4.48343,-0.220777
5021,1,4017,-4.48343,-0.220777
5022,1,4018,-4.48343,-0.220777
5023,1,4019,-4.48343,-0.220777
5024,1,4020,-4.48343,-0.220777
5025,1,4021,-4.48343,-0.220777
5026,1,4022,-4.48343,-0.220777
5027,1,4023,-4.48343,-0.220777
5028,1,4024,-4.48343,-0.220777
5029,1,4025,-4.48343,-0.220777
5030,1,4026,-4.48343,-0.220777
5031,1,4027,-4.48343,-0.220777
5032,1,4028,-4.48343,-0.220777
5033,1,4029,-4.48343,-0.220777
5034,1,4030,-4.48343,-0.220777
5035,1,4031,-4.48343,-0.220777
5036,1,4032,-4.48343,-0.220777
5037,1,4033,-4.48343,-0.220777
5038,1,4034,-4.48343,-0.220777
5039,1,4035,-4.48343,-0.220777
5040,1,4036,-4.4803,-0.212452
5041,1,4037,-4.47991,-0.211416
5042,1,4038,-4.47991,-0.211416
5043,1,4039,-4.47991,-0.211416
5044,1,4040,-4.47991,-0.211416
5045,1,4041,-4.47991,-0.211416
5046,1,4042,-4.47991,-0.211416
5047,1,4043,-4.47991,-0.211416
5048,1,4044,-4.47991,-0.211416
5049,1,4045,-4.47991,-0.211416
5050,1,4046,-4.47991,-0.211416
5051,1,4047,-4.47991,-0.211416
5052,1,4048,-4.47991,-0.211416
5053,1,4049,-4.47991,-0.211416
5054,1,4050,-4.47991,-0.211416
5055,1,4051,-4.47991,-0.211416
5056,1,4052,-4.47991,-0.211416
5057,1,4053,-4.47991,-0.211416
5058,1,4054,-4.47991,-0.211416
5059,1,4055,-4.47991,-0.211416
5060,1,4056,-4.47991,-0.211416
5061,1,4057,-4.47991,-0.211416
5062,1,4058,-4.47991,-0.211416
5063,1,4059,-4.47991,-0.211416
5064,1,4060,-4.47991,-0.211416
5065,1,4061,-4.48056,-0.220285
5066,1,4062,-4.48064,-0.22139
5067,1,4063,-4.48064,-0.22139
5068,1,4064,-4.48064,-0.22139
5069,1,4065,-4.48064,-0.22139
5070,1,4066,-4.48064,-0.22139
5071,1,4067,-4.48064,-0.22139
5072,1,4068,-4.48064,-0.22139
5073,1,4069,-4.48064,-0.22139
5074,1,4070,-4.48064,-0.22139
5075,1,4071,-4.48064,-0.22139
5076,1,4072,-4.48064,-0.22139
5077,1,4073,-4.48064,-0.22139
5078,1,4074,-4.48064,-0.22139
5079,1,4075,-4.48064,-0.22139
5080,1,4076,-4.48064,-0.22139
5081,1,4077,-4.48064,-0.22139
5082,1,4078,-4.48064,-0.22139
5083,1,4079,-4.47435,-0.215103
5084,1,4080,-4.47357,-0.21432
5085,1,4081,-4.47357,-0.21432
5086,1,4082,-4.47357,-0.21432
5087,1,4083,-4.47357,-0.21432
5088,1,4084,-4.47357,-0.21432
5089,1,4085,-4.47357,-0.21432
5090,1,4086,-4.47357,-0.21432
5091,1,4087,-4.47357,-0.21432
5092,1,4088,-4.47357,-0.21432
5093,1,4089,-4.47357,-0.21432
5094,1,4090,-4.47357,-0.21432
5095,1,4091,-4.47357,-0.21432
5096,1,4092,-4.47357,-0.21432
5097,1,4093,-4.47357,-0.21432
5098,1,4094,-4.47357,-0.21432
5099,1,4095,-4.47357,-0.21432
5100,1,4096,-4.47357,-0.21432
5101,1,4097,-4.47357,-0.21432
5102,1,4098,-4.47357,-0.21432
5103,1,4099,-4.47357,-0.21432
5104,1,4100,-4.47357,-0.21432
5105,1,4101,-4.47357,-0.21432
5106,1,4102,-4.47357,-0.21432
5107,1,4103,-4.47357,-0.21432
5108,1,4104,-4.47357,-0.21432
5109,1,4105,-4.47357,-0.21432
5110,1,4106,-4.47357,-0.21432
5111,1,4107,-4.47357,-0.21432
5112,1,4108,-4.47357,-0.21432
5113,1,4109,-4.47166,-0.223007
5114,1,4110,-4.47145,-0.223983
5115,1,4111,-4.47145,-0.223983
5116,1,4112,-4.47145,-0.223983
5117,1,4113,-4.47145,-0.223983
5118,1,4114,-4.47145,-0.223983
5119,1,4115,-4.47145,-0.223983
5120,1,4116,-4.47145,-0.223983
5121,1,4117,-4.47145,-0.223983
5122,1,4118,-4.47145,-0.223983
5123,1,4119,-4.47145,-0.223983
5124,1,4120,-4.47145,-0.223983
5125,1,4121,-4.47145,-0.223983
5126,1,4122,-4.47145,-0.223983
5127,1,4123,-4.47145,-0.223983
5128,1,4124,-4.47145,-0.223983
5129,1,4125,-4.46518,-0.21768
5130,1,4126,-4.4644,-0.216896
5131,1,4127,-4.4644,-0.216896
5132,1,4128,-4.4644,-0.216896
5133,1,4129,-4.4644,-0.216896
5134,1,4130,-4.4644,-0.216896
5135,1,4131,-4.4644,-0.216896
5136,1,4132,-4.4644,-0.216896
5137,1,4133,-4.4644,-0.216896
5138,1,4134,-4.4644,-0.216896
5139,1,4135,-4.4644,-0.216896
5140,1,4136,-4.4644,-0.216896
5141,1,4137,-4.4644,-0.216896
5142,1,4138,-4.4644,-0.216896
5143,1,4139,-4.4644,-0.216896
5144,1,4140,-4.4644,-0.216896
5145,1,4141,-4.4644,-0.216896
5146,1,4142,-4.4644,-0.216896
5147,1,4143,-4.4644,-0.216896
5148,1,4144,-4.4644,-0.216896
5149,1,4145,-4.4644,-0.216896
5150,1,4146,-4.4644,-0.216896
5151,1,4147,-4.4644,-0.216896
5152,1,4148,-4.4644,-0.216896
5153,1,4149,-4.4644,-0.216896
5154,1,4150,-4.4644,-0.216896
5155,1,4151,-4.4644,-0.216896
5156,1,4152,-4.4675,-0.21961
5157,1,4153,-4.46792,-0.219961
5158,1,4154,-4.46792,-0.219961
5159,1,4155,-4.46792,-0.219961
5160,1,4156,-4.46792,-0.219961
5161,1,4157,-4.46792,-0.219961
5162,1,4158,-4.46792,-0.219961
5163,1,4159,-4.46786,-0.220074
5164,1,4160,-4.46785,-0.220086
5165,1,4161,-4.46785,-0.220086
5166,1,4162,-4.46785,-0.220086
5167,1,4163,-4.46785,-0.220086
5168,1,4164,-4.46785,-0.220086
5169,1,4165,-4.46785,-0.220086
5170,1,4166,-4.46785,-0.220086
5171,1,4167,-4.46785,-0.220086
5172,1,4168,-4.46785,-0.220086
5173,1,4169,-4.46785,-0.220086
5174,1,4170,-4.46785,-0.220086
5175,1,4171,-4.46785,-0.220086
5176,1,4172,-4.46785,-0.220086
5177,1,4173,-4.46255,-0.21294
5178,1,4174,-4.4619,-0.212051
5179,1,4175,-4.4619,-0.212051
5180,1,4176,-4.4619,-0.212051
5181,1,4177,-4.4619,-0.212051
5182,1,4178,-4.4619,-0.212051
5183,1,4179,-4.4619,-0.212051
5184,1,4180,-4.4619,-0.212051
5185,1,4181,-4.4619,-0.212051
5186,1,4182,-4.4619,-0.212051
5187,1,4183,-4.4619,-0.212051
5188,1,4184,-4.46822,-0.205797
5189,1,4185,-4.46901,-0.205019
5190,1,4186,-4.46901,-0.205019
5191,1,4187,-4.46901,-0.205019
5192,1,4188,-4.46901,-0.205019
5193,1,4189,-4.46901,-0.205019
5194,1,4190,-4.46901,-0.205019
5195,1,4191,-4.46901,-0.205019
5196,1,4192,-4.46901,-0.205019
5197,1,4193,-4.46901,-0.205019
5198,1,4194,-4.46901,-0.205019
5199,1,4195,-4.46901,-0.205019
5200,1,4196,-4.46901,-0.205019
5201,1,4197,-4.46901,-0.205019
5202,1,4198,-4.46901,-0.205019
5203,1,4199,-4.46901,-0.205019
5204,1,4200,-4.46901,-0.205019
5205,1,4201,-4.46901,-0.205019
5206,1,4202,-4.46901,-0.205019
5207,1,4203,-4.46901,-0.205019
5208,1,4204,-4.46901,-0.205019
5209,1,4205,-4.46901,-0.205019
5210,1,4206,-4.46901,-0.205019
5211,1,4207,-4.46901,-0.205019
5212,1,4208,-4.46901,-0.205019
5213,1,4209,-4.46901,-0.205019
5214,1,4210,-4.46901,-0.205019
5215,1,4211,-4.46901,-0.205019
5216,1,4212,-4.46901,-0.205019
5217,1,4213,-4.46901,-0.205019
5218,1,4214,-4.46033,-0.203066
5219,1,4215,-4.45925,-0.202823
5220,1,4216,-4.45925,-0.202823
5221,1,4217,-4.45925,-0.202823
5222,1,4218,-4.45925,-0.202823
5223,1,4219,-4.45925,-0.202823
5224,1,4220,-4.45925,-0.202823
5225,1,4221,-4.45925,-0.202823
5226,1,4222,-4.45925,-0.202823
5227,1,4223,-4.45925,-0.202823
5228,1,4224,-4.45925,-0.202823
5229,1,4225,-4.45925,-0.202823
5230,1,4226,-4.45925,-0.202823
5231,1,4227,-4.45925,-0.202823
5232,1,4228,-4.45925,-0.202823
5233,1,4229,-4.45925,-0.202823
5234,1,4230,-4.46559,-0.196586
5235,1,4231,-4.46638,-0.195809
5236,1,4232,-4.46638,-0.195809
5237,1,4233,-4.46638,-0.195809
5238,1,4234,-4.46638,-0.195809
5239,1,4235,-4.46638,-0.195809
5240,1,4236,-4.46638,-0.195809
5241,1,4237,-4.46638,-0.195809
5242,1,4238,-4.46638,-0.195809
5243,1,4239,-4.46638,-0.195809
5244,1,4240,-4.46638,-0.195809
5245,1,4241,-4.46638,-0.195809
5246,1,4242,-4.46638,-0.195809
5247,1,4243,-4.46638,-0.195809
5248,1,4244,-4.46638,-0.195809
5249,1,4245,-4.46638,-0.195809
5250,1,4246,-4.46638,-0.195809
5251,1,4247,-4.46638,-0.195809
5252,1,4248,-4.46638,-0.195809
5253,1,4249,-4.46638,-0.195809
5254,1,4250,-4.46638,-0.195809
5255,1,4251,-4.46204,-0.203575
5256,1,4252,-4.4615,-0.204542
5257,1,4253,-4.4615,-0.204542
5258,1,4254,-4.4615,-0.204542
5259,1,4255,-4.4615,-0.204542
5260,1,4256,-4.4615,-0.204542
5261,1,4257,-4.4615,-0.204542
5262,1,4258,-4.4615,-0.204542
5263,1,4259,-4.4615,-0.204542
5264,1,4260,-4.4615,-0.204542
5265,1,4261,-4.4615,-0.204542
5266,1,4262,-4.4615,-0.204542
5267,1,4263,-4.4615,-0.204542
5268,1,4264,-4.4615,-0.204542
5269,1,4265,-4.4615,-0.204542
5270,1,4266,-4.4615,-0.204542
5271,1,4267,-4.4615,-0.204542
5272,1,4268,-4.4615,-0.204542
5273,1,4269,-4.4615,-0.204542
5274,1,4270,-4.4615,-0.204542
5275,1,4271,-4.4615,-0.204542
5276,1,4272,-4.4615,-0.204542
5277,1,4273,-4.4615,-0.204542
5278,1,4274,-4.46585,-0.196781
5279,1,4275,-4.46639,-0.195815
5280,1,4276,-4.46639,-0.195815
5281,1,4277,-4.46639,-0.195815
5282,1,4278,-4.46639,-0.195815
5283,1,4279,-4.46639,-0.195815
5284,1,4280,-4.46639,-0.195815
5285,1,4281,-4.46639,-0.195815
5286,1,4282,-4.46639,-0.195815
5287,1,4283,-4.46639,-0.195815
5288,1,4284,-4.46639,-0.195815
5289,1,4285,-4.46639,-0.195815
5290,1,4286,-4.46639,-0.195815
5291,1,4287,-4.46639,-0.195815
5292,1,4288,-4.46639,-0.195815
5293,1,4289,-4.46639,-0.195815
5294,1,4290,-4.46639,-0.195815
5295,1,4291,-4.46639,-0.195815
5296,1,4292,-4.46639,-0.195815
5297,1,4293,-4.46639,-0.195815
5298,1,4294,-4.46639,-0.195815
5299,1,4295,-4.46639,-0.195815
5300,1,4296,-4.46639,-0.195815
5301,1,4297,-4.46639,-0.195815
5302,1,4298,-4.46639,-0.195815
5303,1,4299,-4.46003,-0.202029
5304,1,4300,-4.45923,-0.202802
5305,1,4301,-4.45923,-0.202802
5306,1,4302,-4.45923,-0.202802
5307,1,4303,-4.45923,-0.202802
5308,1,4304,-4.45923,-0.202802
5309,1,4305,-4.45923,-0.202802
5310,1,4306,-4.45923,-0.202802
5311,1,4307,-4.45923,-0.202802
5312,1,4308,-4.45923,-0.202802
5313,1,4309,-4.45923,-0.202802
5314,1,4310,-4.45923,-0.202802
5315,1,4311,-4.45923,-0.202802
5316,1,4312,-4.45923,-0.202802
5317,1,4313,-4.45923,-0.202802
5318,1,4314,-4.45923,-0.202802
5319,1,4315,-4.45923,-0.202802
5320,1,4316,-4.45871,-0.193925
5321,1,4317,-4.45865,-0.192819
5322,1,4318,-4.45865,-0.192819
5323,1,4319,-4.45865,-0.192819
5324,1,4320,-4.45865,-0.192819
5325,1,4321,-4.45865,-0.192819
5326,1,4322,-4.45865,-0.192819
5327,1,4323,-4.46502,-0.186614
5328,1,4324,-4.46581,-0.185842
5329,1,4325,-4.46581,-0.185842
5330,1,4326,-4.46581,-0.185842
5331,1,4327,-4.46581,-0.185842
5332,1,4328,-4.46581,-0.185842
5333,1,4329,-4.46581,-0.185842
5334,1,4330,-4.46581,-0.185842
5335,1,4331,-4.46581,-0.185842
5336,1,4332,-4.46581,-0.185842
5337,1,4333,-4.46581,-0.185842
5338,1,4334,-4.47286,-0.191268
5339,1,4335,-4.47373,-0.191943
5340,1,4336,-4.47373,-0.191943
5341,1,4337,-4.47373,-0.191943
5342,1,4338,-4.47373,-0.191943
5343,1,4339,-4.47373,-0.191943
5344,1,4340,-4.47373,-0.191943
5345,1,4341,-4.47373,-0.191943
5346,1,4342,-4.47373,-0.191943
5347,1,4343,-4.47373,-0.191943
5348,1,4344,-4.47373,-0.191943
5349,1,4345,-4.47373,-0.191943
5350,1,4346,-4.47373,-0.191943
5351,1,4347,-4.47373,-0.191943
5352,1,4348,-4.47373,-0.191943
5353,1,4349,-4.47373,-0.191943
5354,1,4350,-4.46536,-0.19493
5355,1,4351,-4.46431,-0.195301
5356,1,4352,-4.46431,-0.195301
5357,1,4353,-4.46431,-0.195301
5358,1,4354,-4.46431,-0.195301
5359,1,4355,-4.46431,-0.195301
5360,1,4356,-4.46431,-0.195301
5361,1,4357,-4.46431,-0.195301
5362,1,4358,-4.46431,-0.195301
5363,1,4359,-4.45812,-0.18892
5364,1,4360,-4.45735,-0.188125
5365,1,4361,-4.45735,-0.188125
5366,1,4362,-4.45735,-0.188125
5367,1,4363,-4.45735,-0.188125
5368,1,4364,-4.45735,-0.188125
5369,1,4365,-4.45735,-0.188125
5370,1,4366,-4.45735,-0.188125
5371,1,4367,-4.45735,-0.188125
5372,1,4368,-4.45735,-0.188125
5373,1,4369,-4.45735,-0.188125
5374,1,4370,-4.46279,-0.18109
5375,1,4371,-4.46347,-0.180214
5376,1,4372,-4.46347,-0.180214
5377,1,4373,-4.46347,-0.180214
5378,1,4374,-4.46347,-0.180214
5379,1,4375,-4.46347,-0.180214
5380,1,4376,-4.46347,-0.180214
5381,1,4377,-4.47235,-0.179721
5382,1,4378,-4.47345,-0.179659
5383,1,4379,-4.47345,-0.179659
5384,1,4380,-4.47345,-0.179659
5385,1,4381,-4.47345,-0.179659
5386,1,4382,-4.47345,-0.179659
5387,1,4383,-4.47345,-0.179659
5388,1,4384,-4.47345,-0.179659
5389,1,4385,-4.47345,-0.179659
5390,1,4386,-4.47345,-0.179659
5391,1,4387,-4.47345,-0.179659
5392,1,4388,-4.47345,-0.179659
5393,1,4389,-4.47345,-0.179659
5394,1,4390,-4.47345,-0.179659
5395,1,4391,-4.47345,-0.179659
5396,1,4392,-4.47345,-0.179659
5397,1,4393,-4.47345,-0.179659
5398,1,4394,-4.47345,-0.179659
5399,1,4395,-4.47345,-0.179659
5400,1,4396,-4.47345,-0.179659
5401,1,4397,-4.47345,-0.179659
5402,1,4398,-4.46507,-0.182624
5403,1,4399,-4.46402,-0.182994
5404,1,4400,-4.46402,-0.182994
5405,1,4401,-4.46402,-0.182994
5406,1,4402,-4.46402,-0.182994
5407,1,4403,-4.46402,-0.182994
5408,1,4404,-4.46402,-0.182994
5409,1,4405,-4.46402,-0.182994
5410,1,4406,-4.46402,-0.182994
5411,1,4407,-4.46402,-0.182994
5412,1,4408,-4.46402,-0.182994
5413,1,4409,-4.46402,-0.182994
5414,1,4410,-4.46402,-0.182994
5415,1,4411,-4.46402,-0.182994
5416,1,4412,-4.46402,-0.182994
5417,1,4413,-4.46402,-0.182994
5418,1,4414,-4.46402,-0.182994
5419,1,4415,-4.46402,-0.182994
5420,1,4416,-4.46402,-0.182994
5421,1,4417,-4.46402,-0.182994
5422,1,4418,-4.46402,-0.182994
5423,1,4419,-4.46402,-0.182994
5424,1,4420,-4.47191,-0.178875
5425,1,4421,-4.47289,-0.178362
5426,1,4422,-4.47289,-0.178362
5427,1,4423,-4.47289,-0.178362
5428,1,4424,-4.47289,-0.178362
5429,1,4425,-4.47289,-0.178362
5430,1,4426,-4.47289,-0.178362
5431,1,4427,-4.47289,-0.178362
5432,1,4428,-4.47289,-0.178362
5433,1,4429,-4.47289,-0.178362
5434,1,4430,-4.47289,-0.178362
5435,1,4431,-4.47808,-0.18558
5436,1,4432,-4.47873,-0.186479
5437,1,4433,-4.47873,-0.186479
5438,1,4434,-4.47873,-0.186479
5439,1,4435,-4.47873,-0.186479
5440,1,4436,-4.47873,-0.186479
5441,1,4437,-4.47873,-0.186479
5442,1,4438,-4.47873,-0.186479
5443,1,4439,-4.47873,-0.186479
5444,1,4440,-4.47873,-0.186479
5445,1,4441,-4.47326,-0.193494
5446,1,4442,-4.47258,-0.194367
5447,1,4443,-4.47258,-0.194367
5448,1,4444,-4.47258,-0.194367
5449,1,4445,-4.47258,-0.194367
5450,1,4446,-4.47258,-0.194367
5451,1,4447,-4.47258,-0.194367
5452,1,4448,-4.47258,-0.194367
5453,1,4449,-4.47258,-0.194367
5454,1,4450,-4.47258,-0.194367
5455,1,4451,-4.47258,-0.194367
5456,1,4452,-4.47258,-0.194367
5457,1,4453,-4.47258,-0.194367
5458,1,4454,-4.47258,-0.194367
5459,1,4455,-4.47258,-0.194367
5460,1,4456,-4.47258,-0.194367
5461,1,4457,-4.47258,-0.194367
5462,1,4458,-4.47258,-0.194367
5463,1,4459,-4.47213,-0.185486
5464,1,4460,-4.47207,-0.18438
5465,1,4461,-4.47207,-0.18438
5466,1,4462,-4.47207,-0.18438
5467,1,4463,-4.47207,-0.18438
5468,1,4464,-4.47207,-0.18438
5469,1,4465,-4.47207,-0.18438
5470,1,4466,-4.47207,-0.18438
5471,1,4467,-4.47207,-0.18438
5472,1,4468,-4.47207,-0.18438
5473,1,4469,-4.47207,-0.18438
5474,1,4470,-4.47207,-0.18438
5475,1,4471,-4.47207,-0.18438
5476,1,4472,-4.47207,-0.18438
5477,1,4473,-4.48072,-0.186453
5478,1,4474,-4.4818,-0.186711
5479,1,4475,-4.4818,-0.186711
5480,1,4476,-4.4818,-0.186711
5481,1,4477,-4.4818,-0.186711
5482,1,4478,-4.4818,-0.186711
5483,1,4479,-4.4818,-0.186711
5484,1,4480,-4.48589,-0.194606
5485,1,4481,-4.4864,-0.195589
5486,1,4482,-4.4864,-0.195589
5487,1,4483,-4.4864,-0.195589
5488,1,4484,-4.4864,-0.195589
5489,1,4485,-4.4864,-0.195589
5490,1,4486,-4.4864,-0.195589
5491,1,4487,-4.4864,-0.195589
5492,1,4488,-4.4864,-0.195589
5493,1,4489,-4.4864,-0.195589
5494,1,4490,-4.4864,-0.195589
5495,1,4491,-4.4864,-0.195589
5496,1,4492,-4.4864,-0.195589
5497,1,4493,-4.4864,-0.195589
5498,1,4494,-4.4864,-0.195589
5499,1,4495,-4.4864,-0.195589
5500,1,4496,-4.4864,-0.195589
5501,1,4497,-4.4864,-0.195589
5502,1,4498,-4.4864,-0.195589
5503,1,4499,-4.4864,-0.195589
5504,1,4500,-4.4864,-0.195589
5505,1,4501,-4.4864,-0.195589
5506,1,4502,-4.4864,-0.195589
5507,1,4503,-4.4864,-0.195589
5508,1,4504,-4.48348,-0.187188
5509,1,4505,-4.48312,-0.186142
5510,1,4506,-4.48312,-0.186142
5511,1,4507,-4.48312,-0.186142
5512,1,4508,-4.48312,-0.186142
5513,1,4509,-4.48312,-0.186142
5514,1,4510,-4.48312,-0.186142
5515,1,4511,-4.48312,-0.186142
5516,1,4512,-4.48312,-0.186142
5517,1,4513,-4.48312,-0.186142
5518,1,4514,-4.48312,-0.186142
5519,1,4515,-4.48312,-0.186142
5520,1,4516,-4.48312,-0.186142
5521,1,4517,-4.48312,-0.186142
5522,1,4518,-4.48312,-0.186142
5523,1,4519,-4.48312,-0.186142
5524,1,4520,-4.48312,-0.186142
5525,1,4521,-4.48312,-0.186142
5526,1,4522,-4.48312,-0.186142
5527,1,4523,-4.48312,-0.186142
5528,1,4524,-4.48312,-0.186142
5529,1,4525,-4.48312,-0.186142
5530,1,4526,-4.48312,-0.186142
5531,1,4527,-4.48312,-0.186142
5532,1,4528,-4.48312,-0.186142
5533,1,4529,-4.48354,-0.195025
5534,1,4530,-4.48359,-0.196131
5535,1,4531,-4.48359,-0.196131
5536,1,4532,-4.48359,-0.196131
5537,1,4533,-4.48359,-0.196131
5538,1,4534,-4.48359,-0.196131
5539,1,4535,-4.48359,-0.196131
5540,1,4536,-4.48359,-0.196131
5541,1,4537,-4.48359,-0.196131
5542,1,4538,-4.48359,-0.196131
5543,1,4539,-4.48359,-0.196131
5544,1,4540,-4.48359,-0.196131
5545,1,4541,-4.47471,-0.196546
5546,1,4542,-4.4736,-0.196597
5547,1,4543,-4.4736,-0.196597
5548,1,4544,-4.4736,-0.196597
5549,1,4545,-4.4736,-0.196597
5550,1,4546,-4.4736,-0.196597
5551,1,4547,-4.4736,-0.196597
5552,1,4548,-4.4736,-0.196597
5553,1,4549,-4.4736,-0.196597
5554,1,4550,-4.46954,-0.188687
5555,1,4551,-4.46903,-0.187702
5556,1,4552,-4.46903,-0.187702
5557,1,4553,-4.46903,-0.187702
5558,1,4554,-4.46903,-0.187702
5559,1,4555,-4.46903,-0.187702
5560,1,4556,-4.46903,-0.187702
5561,1,4557,-4.46903,-0.187702
5562,1,4558,-4.46903,-0.187702
5563,1,4559,-4.46903,-0.187702
5564,1,4560,-4.46903,-0.187702
5565,1,4561,-4.46903,-0.187702
5566,1,4562,-4.46903,-0.187702
5567,1,4563,-4.47744,-0.184812
5568,1,4564,-4.47849,-0.184452
5569,1,4565,-4.47849,-0.184452
5570,1,4566,-4.47849,-0.184452
5571,1,4567,-4.47849,-0.184452
5572,1,4568,-4.47849,-0.184452
5573,1,4569,-4.47849,-0.184452
5574,1,4570,-4.47849,-0.184452
5575,1,4571,-4.47849,-0.184452
5576,1,4572,-4.47849,-0.184452
5577,1,4573,-4.47849,-0.184452
5578,1,4574,-4.47849,-0.184452
5579,1,4575,-4.47849,-0.184452
5580,1,4576,-4.47849,-0.184452
5581,1,4577,-4.47849,-0.184452
5582,1,4578,-4.47849,-0.184452
5583,1,4579,-4.47849,-0.184452
5584,1,4580,-4.47849,-0.184452
5585,1,4581,-4.47849,-0.184452
5586,1,4582,-4.47849,-0.184452
5587,1,4583,-4.47849,-0.184452
5588,1,4584,-4.47849,-0.184452
5589,1,4585,-4.47849,-0.184452
5590,1,4586,-4.47849,-0.184452
5591,1,4587,-4.47849,-0.184452
5592,1,4588,-4.47849,-0.184452
5593,1,4589,-4.47849,-0.184452
5594,1,4590,-4.47849,-0.184452
5595,1,4591,-4.47849,-0.184452
5596,1,4592,-4.4708,-0.179977
5597,1,4593,-4.46985,-0.179419
5598,1,4594,-4.46985,-0.179419
5599,1,4595,-4.46985,-0.179419
5600,1,4596,-4.46985,-0.179419
5601,1,4597,-4.46985,-0.179419
5602,1,4598,-4.46985,-0.179419
5603,1,4599,-4.46985,-0.179419
5604,1,4600,-4.46985,-0.179419
5605,1,4601,-4.46985,-0.179419
5606,1,4602,-4.46985,-0.179419
5607,1,4603,-4.46985,-0.179419
5608,1,4604,-4.46985,-0.179419
5609,1,4605,-4.46985,-0.179419
5610,1,4606,-4.46985,-0.179419
5611,1,4607,-4.46985,-0.179419
5612,1,4608,-4.46985,-0.179419
5613,1,4609,-4.46985,-0.179419
5614,1,4610,-4.46985,-0.179419
5615,1,4611,-4.46985,-0.179419
5616,1,4612,-4.46985,-0.179419
5617,1,4613,-4.46985,-0.179419
5618,1,4614,-4.46985,-0.179419
5619,1,4615,-4.46985,-0.179419
5620,1,4616,-4.47681,-0.184952
5621,1,4617,-4.47768,-0.185641
5622,1,4618,-4.47768,-0.185641
5623,1,4619,-4.47768,-0.185641
5624,1,4620,-4.47768,-0.185641
5625,1,4621,-4.47768,-0.185641
5626,1,4622,-4.47768,-0.185641
5627,1,4623,-4.47768,-0.185641
5628,1,4624,-4.47768,-0.185641
5629,1,4625,-4.47768,-0.185641
5630,1,4626,-4.47768,-0.185641
5631,1,4627,-4.47768,-0.185641
5632,1,4628,-4.47768,-0.185641
5633,1,4629,-4.47768,-0.185641
5634,1,4630,-4.47768,-0.185641
5635,1,4631,-4.47768,-0.185641
5636,1,4632,-4.47768,-0.185641
5637,1,4633,-4.47768,-0.185641
5638,1,4634,-4.46879,-0.18601
5639,1,4635,-4.46768,-0.186056
5640,1,4636,-4.46768,-0.186056
5641,1,4637,-4.46768,-0.186056
5642,1,4638,-4.46768,-0.186056
5643,1,4639,-4.46768,-0.186056
5644,1,4640,-4.46768,-0.186056
5645,1,4641,-4.46768,-0.186056
5646,1,4642,-4.46768,-0.186056
5647,1,4643,-4.46768,-0.186056
5648,1,4644,-4.46768,-0.186056
5649,1,4645,-4.46768,-0.186056
5650,1,4646,-4.46768,-0.186056
5651,1,4647,-4.46768,-0.186056
5652,1,4648,-4.46768,-0.186056
5653,1,4649,-4.46768,-0.186056
5654,1,4650,-4.46768,-0.186056
5655,1,4651,-4.46768,-0.186056
5656,1,4652,-4.46768,-0.186056
5657,1,4653,-4.46768,-0.186056
5658,1,4654,-4.46768,-0.186056
5659,1,4655,-4.46768,-0.186056
5660,1,4656,-4.46768,-0.186056
5661,1,4657,-4.46768,-0.186056
5662,1,4658,-4.46768,-0.186056
5663,1,4659,-4.46768,-0.186056
5664,1,4660,-4.46768,-0.186056
5665,1,4661,-4.46768,-0.186056
5666,1,4662,-4.47463,-0.191606
5667,1,4663,-4.4755,-0.192297
5668,1,4664,-4.4755,-0.192297
5669,1,4665,-4.4755,-0.192297
5670,1,4666,-4.4755,-0.192297
5671,1,4667,-4.4755,-0.192297
5672,1,4668,-4.4755,-0.192297
5673,1,4669,-4.4755,-0.192297
5674,1,4670,-4.4755,-0.192297
5675,1,4671,-4.4755,-0.192297
5676,1,4672,-4.4755,-0.192297
5677,1,4673,-4.4755,-0.192297
5678,1,4674,-4.4755,-0.192297
5679,1,4675,-4.4755,-0.192297
5680,1,4676,-4.4755,-0.192297
5681,1,4677,-4.4755,-0.192297
5682,1,4678,-4.4755,-0.192297
5683,1,4679,-4.4755,-0.192297
5684,1,4680,-4.4755,-0.192297
5685,1,4681,-4.4755,-0.192297
5686,1,4682,-4.4755,-0.192297
5687,1,4683,-4.4755,-0.192297
5688,1,4684,-4.4755,-0.192297
5689,1,4685,-4.4755,-0.192297
5690,1,4686,-4.46942,-0.185807
5691,1,4687,-4.46866,-0.184999
5692,1,4688,-4.46866,-0.184999
5693,1,4689,-4.46866,-0.184999
5694,1,4690,-4.46866,-0.184999
5695,1,4691,-4.46866,-0.184999
5696,1,4692,-4.46866,-0.184999
5697,1,4693,-4.46866,-0.184999
5698,1,4694,-4.46866,-0.184999
5699,1,4695,-4.46866,-0.184999
5700,1,4696,-4.46866,-0.184999
5701,1,4697,-4.47423,-0.178061
5702,1,4698,-4.47492,-0.177197
5703,1,4699,-4.47492,-0.177197
5704,1,4700,-4.47492,-0.177197
5705,1,4701,-4.47492,-0.177197
5706,1,4702,-4.47492,-0.177197
5707,1,4703,-4.47492,-0.177197
5708,1,4704,-4.47492,-0.177197
5709,1,4705,-4.47492,-0.177197
5710,1,4706,-4.47492,-0.177197
5711,1,4707,-4.47492,-0.177197
5712,1,4708,-4.47492,-0.177197
5713,1,4709,-4.47492,-0.177197
5714,1,4710,-4.47492,-0.177197
5715,1,4711,-4.47492,-0.177197
5716,1,4712,-4.47492,-0.177197
5717,1,4713,-4.47492,-0.177197
5718,1,4714,-4.47492,-0.177197
5719,1,4715,-4.47492,-0.177197
5720,1,4716,-4.47492,-0.177197
5721,1,4717,-4.47492,-0.177197
5722,1,4718,-4.47492,-0.177197
5723,1,4719,-4.47492,-0.177197
5724,1,4720,-4.47492,-0.177197
5725,1,4721,-4.47492,-0.177197
5726,1,4722,-4.47492,-0.177197
5727,1,4723,-4.47492,-0.177197
5728,1,4724,-4.47492,-0.177197
5729,1,4725,-4.46617,-0.178784
5730,1,4726,-4.46508,-0.178981
5731,1,4727,-4.46508,-0.178981
5732,1,4728,-4.46508,-0.178981
5733,1,4729,-4.46508,-0.178981
5734,1,4730,-4.46508,-0.178981
5735,1,4731,-4.46508,-0.178981
5736,1,4732,-4.46508,-0.178981
5737,1,4733,-4.46508,-0.178981
5738,1,4734,-4.46508,-0.178981
5739,1,4735,-4.46508,-0.178981
5740,1,4736,-4.46508,-0.178981
5741,1,4737,-4.46508,-0.178981
5742,1,4738,-4.46508,-0.178981
5743,1,4739,-4.46508,-0.178981
5744,1,4740,-4.46508,-0.178981
5745,1,4741,-4.46508,-0.178981
5746,1,4742,-4.46508,-0.178981
5747,1,4743,-4.47066,-0.172057
5748,1,4744,-4.47135,-0.171195
5749,1,4745,-4.47135,-0.171195
5750,1,4746,-4.47135,-0.171195
5751,1,4747,-4.47135,-0.171195
5752,1,4748,-4.47979,-0.16839
5753,1,4749,-4.48084,-0.168041
5754,1,4750,-4.48084,-0.168041
5755,1,4751,-4.48084,-0.168041
5756,1,4752,-4.48084,-0.168041
5757,1,4753,-4.48084,-0.168041
5758,1,4754,-4.48084,-0.168041
5759,1,4755,-4.48084,-0.168041
5760,1,4756,-4.48084,-0.168041
5761,1,4757,-4.48084,-0.168041
5762,1,4758,-4.48084,-0.168041
5763,1,4759,-4.48084,-0.168041
5764,1,4760,-4.48084,-0.168041
5765,1,4761,-4.48084,-0.168041
5766,1,4762,-4.48084,-0.168041
5767,1,4763,-4.48084,-0.168041
5768,1,4764,-4.48084,-0.168041
5769,1,4765,-4.48084,-0.168041
5770,1,4766,-4.48084,-0.168041
5771,1,4767,-4.48084,-0.168041
5772,1,4768,-4.48084,-0.168041
5773,1,4769,-4.47353,-0.173102
5774,1,4770,-4.47262,-0.173732
5775,1,4771,-4.47262,-0.173732
5776,1,4772,-4.47262,-0.173732
5777,1,4773,-4.47262,-0.173732
5778,1,4774,-4.47262,-0.173732
5779,1,4775,-4.47262,-0.173732
5780,1,4776,-4.47262,-0.173732
5781,1,4777,-4.47262,-0.173732
5782,1,4778,-4.47262,-0.173732
5783,1,4779,-4.47262,-0.173732
5784,1,4780,-4.47262,-0.173732
5785,1,4781,-4.47262,-0.173732
5786,1,4782,-4.47262,-0.173732
5787,1,4783,-4.47262,-0.173732
5788,1,4784,-4.47262,-0.173732
5789,1,4785,-4.47262,-0.173732
5790,1,4786,-4.47262,-0.173732
5791,1,4787,-4.47262,-0.173732
5792,1,4788,-4.47262,-0.173732
5793,1,4789,-4.47704,-0.166848
5794,1,4790,-4.47748,-0.166365
5795,1,4791,-4.47748,-0.166365
5796,1,4792,-4.47748,-0.166365
5797,1,4793,-4.47748,-0.166365
5798,1,4794,-4.47748,-0.166365
5799,1,4795,-4.47748,-0.166365
5800,1,4796,-4.47748,-0.166365
5801,1,4797,-4.47748,-0.166365
5802,1,4798,-4.47748,-0.166365
5803,1,4799,-4.47748,-0.166365
5804,1,4800,-4.47748,-0.166365
5805,1,4801,-4.47748,-0.166365
5806,1,4802,-4.47748,-0.166365
5807,1,4803,-4.47748,-0.166365
5808,1,4804,-4.47748,-0.166365
5809,1,4805,-4.47748,-0.166365
5810,1,4806,-4.47748,-0.166365
5811,1,4807,-4.47748,-0.166365
5812,1,4808,-4.47748,-0.166365
5813,1,4809,-4.47748,-0.166365
5814,1,4810,-4.47748,-0.166365
5815,1,4811,-4.47748,-0.166365
5816,1,4812,-4.47748,-0.166365
5817,1,4813,-4.47748,-0.166365
5818,1,4814,-4.47748,-0.166365
5819,1,4815,-4.47748,-0.166365
5820,1,4816,-4.47748,-0.166365
5821,1,4817,-4.47748,-0.166365
5822,1,4818,-4.46947,-0.168491
5823,1,4819,-4.46832,-0.168817
5824,1,4820,-4.46832,-0.168817
5825,1,4821,-4.46832,-0.168817
5826,1,4822,-4.46832,-0.168817
5827,1,4823,-4.46832,-0.168817
5828,1,4824,-4.46832,-0.168817
5829,1,4825,-4.46832,-0.168817
5830,1,4826,-4.46832,-0.168817
5831,1,4827,-4.46832,-0.168817
5832,1,4828,-4.46832,-0.168817
5833,1,4829,-4.46832,-0.168817
5834,1,4830,-4.46832,-0.168817
5835,1,4831,-4.46832,-0.168817
5836,1,4832,-4.46832,-0.168817
5837,1,4833,-4.46832,-0.168817
5838,1,4834,-4.46832,-0.168817
5839,1,4835,-4.46832,-0.168817
5840,1,4836,-4.46832,-0.168817
5841,1,4837,-4.46832,-0.168817
5842,1,4838,-4.46832,-0.168817
5843,1,4839,-4.46832,-0.168817
5844,1,4840,-4.46832,-0.168817
5845,1,4841,-4.46832,-0.168817
5846,1,4842,-4.46832,-0.168817
5847,1,4843,-4.46832,-0.168817
5848,1,4844,-4.46832,-0.168817
5849,1,4845,-4.46832,-0.168817
5850,1,4846,-4.46832,-0.168817
5851,1,4847,-4.47521,-0.174437
5852,1,4848,-4.47607,-0.175136
5853,1,4849,-4.47607,-0.175136
5854,1,4850,-4.47607,-0.175136
5855,1,4851,-4.47607,-0.175136
5856,1,4852,-4.47607,-0.175136
5857,1,4853,-4.47607,-0.175136
5858,1,4854,-4.47607,-0.175136
5859,1,4855,-4.47607,-0.175136
5860,1,4856,-4.47607,-0.175136
5861,1,4857,-4.47607,-0.175136
5862,1,4858,-4.47607,-0.175136
5863,1,4859,-4.47607,-0.175136
5864,1,4860,-4.47607,-0.175136
5865,1,4861,-4.47607,-0.175136
5866,1,4862,-4.47607,-0.175136
5867,1,4863,-4.47607,-0.175136
5868,1,4864,-4.47607,-0.175136
5869,1,4865,-4.47607,-0.175136
5870,1,4866,-4.47607,-0.175136
5871,1,4867,-4.47607,-0.175136
5872,1,4868,-4.47607,-0.175136
5873,1,4869,-4.47607,-0.175136
5874,1,4870,-4.47607,-0.175136
5875,1,4871,-4.47607,-0.175136
5876,1,4872,-4.47607,-0.175136
5877,1,4873,-4.47607,-0.175136
5878,1,4874,-4.47607,-0.175136
5879,1,4875,-4.47607,-0.175136
5880,1,4876,-4.47607,-0.175136
5881,1,4877,-4.47709,-0.166302
5882,1,4878,-4.47715,-0.165805
5883,1,4879,-4.47715,-0.165805
5884,1,4880,-4.47715,-0.165805
5885,1,4881,-4.47715,-0.165805
5886,1,4882,-4.47715,-0.165805
5887,1,4883,-4.47715,-0.165805
5888,1,4884,-4.47715,-0.165805
5889,1,4885,-4.47715,-0.165805
5890,1,4886,-4.47715,-0.165805
5891,1,4887,-4.47715,-0.165805
5892,1,4888,-4.47715,-0.165805
5893,1,4889,-4.47715,-0.165805
5894,1,4890,-4.47715,-0.165805
5895,1,4891,-4.47715,-0.165805
5896,1,4892,-4.47715,-0.165805
5897,1,4893,-4.47715,-0.165805
5898,1,4894,-4.47715,-0.165805
5899,1,4895,-4.47715,-0.165805
5900,1,4896,-4.47715,-0.165805
5901,1,4897,-4.47989,-0.174266
5902,1,4898,-4.48023,-0.175319
5903,1,4899,-4.48023,-0.175319
5904,1,4900,-4.48023,-0.175319
5905,1,4901,-4.48023,-0.175319
5906,1,4902,-4.48023,-0.175319
5907,1,4903,-4.48023,-0.175319
5908,1,4904,-4.48023,-0.175319
5909,1,4905,-4.48023,-0.175319
5910,1,4906,-4.48023,-0.175319
5911,1,4907,-4.48023,-0.175319
5912,1,4908,-4.48023,-0.175319
5913,1,4909,-4.48023,-0.175319
5914,1,4910,-4.48023,-0.175319
5915,1,4911,-4.48023,-0.175319
5916,1,4912,-4.48023,-0.175319
5917,1,4913,-4.48023,-0.175319
5918,1,4914,-4.48023,-0.175319
5919,1,4915,-4.47263,-0.170709
5920,1,4916,-4.47168,-0.170135
5921,1,4917,-4.47168,-0.170135
5922,1,4918,-4.47168,-0.170135
5923,1,4919,-4.47168,-0.170135
5924,1,4920,-4.47168,-0.170135
5925,1,4921,-4.47168,-0.170135
5926,1,4922,-4.47168,-0.170135
5927,1,4923,-4.47168,-0.170135
5928,1,4924,-4.47168,-0.170135
5929,1,4925,-4.47168,-0.170135
5930,1,4926,-4.47168,-0.170135
5931,1,4927,-4.47168,-0.170135
5932,1,4928,-4.47168,-0.170135
5933,1,4929,-4.47168,-0.170135
5934,1,4930,-4.47168,-0.170135
5935,1,4931,-4.47168,-0.170135
5936,1,4932,-4.47168,-0.170135
5937,1,4933,-4.47168,-0.170135
5938,1,4934,-4.47168,-0.170135
5939,1,4935,-4.47168,-0.170135
5940,1,4936,-4.47168,-0.170135
5941,1,4937,-4.47168,-0.170135
5942,1,4938,-4.47168,-0.170135
5943,1,4939,-4.47168,-0.170135
5944,1,4940,-4.47168,-0.170135
5945,1,4941,-4.47667,-0.177495
5946,1,4942,-4.47729,-0.178411
5947,1,4943,-4.47729,-0.178411
5948,1,4944,-4.47729,-0.178411
5949,1,4945,-4.47729,-0.178411
5950,1,4946,-4.47729,-0.178411
5951,1,4947,-4.47729,-0.178411
5952,1,4948,-4.47729,-0.178411
5953,1,4949,-4.47729,-0.178411
5954,1,4950,-4.47729,-0.178411
5955,1,4951,-4.47729,-0.178411
5956,1,4952,-4.47729,-0.178411
5957,1,4953,-4.46993,-0.183398
5958,1,4954,-4.46901,-0.184019
5959,1,4955,-4.46901,-0.184019
5960,1,4956,-4.46901,-0.184019
5961,1,4957,-4.46901,-0.184019
5962,1,4958,-4.46901,-0.184019
5963,1,4959,-4.46901,-0.184019
5964,1,4960,-4.46901,-0.184019
5965,1,4961,-4.46901,-0.184019
5966,1,4962,-4.46901,-0.184019
5967,1,4963,-4.46901,-0.184019
5968,1,4964,-4.46901,-0.184019
5969,1,4965,-4.46901,-0.184019
5970,1,4966,-4.46901,-0.184019
5971,1,4967,-4.46901,-0.184019
5972,1,4968,-4.46901,-0.184019
5973,1,4969,-4.46901,-0.184019
5974,1,4970,-4.46901,-0.184019
5975,1,4971,-4.46901,-0.184019
5976,1,4972,-4.47252,-0.175847
5977,1,4973,-4.47296,-0.174829
5978,1,4974,-4.47296,-0.174829
5979,1,4975,-4.47296,-0.174829
5980,1,4976,-4.47296,-0.174829
5981,1,4977,-4.47296,-0.174829
5982,1,4978,-4.47296,-0.174829
5983,1,4979,-4.47296,-0.174829
5984,1,4980,-4.47296,-0.174829
5985,1,4981,-4.47296,-0.174829
5986,1,4982,-4.47296,-0.174829
5987,1,4983,-4.47296,-0.174829
5988,1,4984,-4.47296,-0.174829
5989,1,4985,-4.47296,-0.174829
5990,1,4986,-4.47296,-0.174829
5991,1,4987,-4.47296,-0.174829
5992,1,4988,-4.47296,-0.174829
5993,1,4989,-4.47296,-0.174829
5994,1,4990,-4.47296,-0.174829
5995,1,4991,-4.47442,-0.183601
5996,1,4992,-4.4746,-0.184694
5997,1,4993,-4.4746,-0.184694
5998,1,4994,-4.4746,-0.184694
5999,1,4995,-4.4746,-0.184694
